2 players: sent: [89, 72]
2 players: broadcast: [64, 56]
3 players: sent: [138, 145, 141]
3 players: broadcast: [52, 54, 55]
4 players: sent: [105, 147, 149, 117]
4 players: broadcast: [27, 38, 39, 29]
5 players: sent: [107, 91, 91, 95, 142]
5 players: broadcast: [21, 16, 18, 18, 26]
6 players: sent: [180, 120, 170, 165, 184, 205]
6 players: broadcast: [29, 18, 26, 27, 29, 32]
7 players: sent: [557, 497, 557, 545, 592, 587, 527]
7 players: broadcast: [81, 71, 81, 78, 84, 81, 77]
8 players: sent: [1429, 1332, 1290, 1346, 1437, 1339, 1374, 1353]
8 players: broadcast: [184, 167, 167, 169, 177, 169, 170, 171]
9 players: sent: [482, 483, 459, 451, 467, 483, 459, 395, 379]
9 players: broadcast: [47, 51, 49, 46, 51, 51, 49, 43, 40]
10 players: sent: [716, 644, 760, 653, 644, 653, 662, 599, 698, 671]
10 players: broadcast: [69, 62, 74, 65, 62, 64, 63, 59, 61, 64]
11 players: sent: [353, 403, 443, 323, 453, 503, 273, 343, 522, 403, 413]
11 players: broadcast: [32, 36, 39, 28, 39, 42, 24, 31, 43, 36, 36]
12 players: sent: [599, 577, 533, 708, 489, 676, 566, 544, 665, 555, 632, 599]
12 players: broadcast: [49, 46, 45, 55, 40, 50, 47, 46, 53, 45, 51, 49]
13 players: sent: [399, 267, 398, 327, 315, 387, 219, 219, 231, 327, 231, 219, 231]
13 players: broadcast: [25, 19, 25, 22, 21, 25, 16, 14, 16, 22, 17, 16, 17]
14 players: sent: [1110, 1175, 1214, 1201, 1110, 1175, 1162, 1201, 1201, 1136, 1201, 1149, 1278, 1214]
14 players: broadcast: [77, 83, 85, 81, 79, 80, 82, 77, 82, 78, 83, 80, 88, 83]
15 players: sent: [1069, 1054, 901, 971, 1181, 1209, 1181, 1069, 957, 1041, 1041, 1139, 1097, 1013, 929]
15 players: broadcast: [70, 69, 60, 65, 77, 78, 76, 71, 63, 68, 69, 74, 73, 69, 58]
16 players: sent: [1580, 1535, 1430, 1520, 1610, 1520, 1535, 1610, 1535, 1490, 1535, 1639, 1595, 1565, 1235, 1670]
16 players: broadcast: [97, 93, 88, 94, 98, 95, 95, 94, 94, 91, 93, 99, 92, 94, 77, 101]
17 players: sent: [1125, 885, 997, 949, 1061, 1220, 997, 1173, 757, 949, 1013, 997, 1013, 1061, 869, 1045, 1013]
17 players: broadcast: [62, 52, 54, 54, 60, 67, 56, 64, 44, 53, 58, 58, 58, 60, 51, 60, 58]
18 players: sent: [1178, 1263, 1365, 1297, 1229, 1365, 1331, 1382, 1331, 1110, 1245, 1331, 1297, 1297, 1161, 1433, 1229, 1246]
18 players: broadcast: [66, 69, 72, 70, 67, 74, 72, 73, 72, 61, 64, 72, 71, 71, 64, 76, 67, 67]
19 players: sent: [1535, 1517, 1373, 1337, 1355, 1373, 1409, 1409, 1607, 1553, 1481, 1589, 1499, 1355, 1606, 1463, 1373, 1751, 1481]
19 players: broadcast: [79, 78, 70, 68, 71, 72, 75, 73, 82, 79, 75, 80, 73, 71, 80, 76, 71, 87, 77]
20 players: sent: [1715, 1715, 1715, 1544, 1639, 1639, 1525, 1582, 1791, 1525, 1753, 1695, 1620, 1487, 1487, 1772, 1506, 1639, 1544, 1677]
20 players: broadcast: [81, 83, 82, 77, 79, 79, 75, 78, 77, 74, 84, 83, 76, 74, 73, 85, 76, 80, 77, 81]
