2 players: sent: [33, 37]
2 players: broadcast: [22, 24]
2 players: turns: [17, 17]
3 players: sent: [57, 74, 77]
3 players: broadcast: [19, 28, 29]
3 players: turns: [22, 22, 22]
4 players: sent: [238, 215, 224, 248]
4 players: broadcast: [62, 56, 62, 64]
4 players: turns: [60, 60, 60, 60]
5 players: sent: [217, 241, 217, 217, 252]
5 players: broadcast: [40, 48, 43, 44, 51]
5 players: turns: [43, 43, 43, 43, 43]
6 players: sent: [220, 195, 270, 245, 230, 249]
6 players: broadcast: [36, 32, 44, 40, 37, 42]
6 players: turns: [36, 36, 36, 36, 36, 36]
7 players: sent: [388, 395, 371, 395, 389, 323, 347]
7 players: broadcast: [53, 53, 52, 54, 51, 46, 48]
7 players: turns: [63, 63, 63, 63, 63, 63, 63]
8 players: sent: [551, 495, 571, 467, 516, 516, 439, 516]
8 players: broadcast: [67, 57, 70, 58, 64, 64, 50, 64]
8 players: turns: [70, 70, 70, 70, 70, 70, 70, 70]
9 players: sent: [379, 427, 403, 458, 395, 411, 467, 363, 371]
9 players: broadcast: [42, 47, 45, 50, 43, 44, 50, 36, 39]
9 players: turns: [44, 44, 44, 44, 44, 44, 44, 44, 44]
10 players: sent: [570, 687, 543, 579, 588, 389, 534, 588, 552, 606]
10 players: broadcast: [55, 66, 54, 58, 59, 39, 54, 56, 56, 60]
10 players: turns: [53, 53, 53, 53, 53, 53, 53, 53, 53, 53]
11 players: sent: [353, 433, 533, 473, 383, 453, 482, 443, 423, 433, 423]
11 players: broadcast: [31, 39, 45, 41, 34, 40, 40, 37, 36, 38, 38]
11 players: turns: [44, 44, 44, 44, 44, 44, 44, 44, 44, 44, 44]
12 players: sent: [157, 233, 157, 190, 135, 135, 179, 113, 157, 135, 190, 256]
12 players: broadcast: [10, 14, 9, 11, 8, 8, 11, 7, 10, 8, 12, 15]
12 players: turns: [35, 35, 35, 35, 35, 35, 35, 35, 35, 35, 35, 35]
13 players: sent: [641, 485, 641, 653, 557, 689, 593, 592, 701, 593, 725, 641, 629]
13 players: broadcast: [48, 37, 48, 48, 39, 50, 45, 41, 52, 45, 52, 47, 47]
13 players: turns: [50, 50, 50, 50, 50, 50, 50, 50, 50, 50, 50, 50, 50]
14 players: sent: [901, 863, 772, 785, 772, 694, 824, 772, 798, 616, 824, 746, 915, 655]
14 players: broadcast: [60, 59, 54, 55, 54, 49, 57, 54, 56, 40, 57, 51, 62, 46]
14 players: turns: [65, 65, 65, 65, 65, 65, 65, 65, 65, 65, 65, 65, 65, 65]
15 players: sent: [1811, 1629, 1657, 1615, 1643, 1796, 1531, 1615, 1629, 1727, 1643, 1699, 1671, 1671, 1727]
15 players: broadcast: [117, 109, 109, 106, 108, 117, 102, 107, 108, 110, 107, 111, 109, 108, 106]
15 players: turns: [131, 131, 131, 131, 131, 131, 131, 131, 131, 131, 131, 131, 131, 131, 131]
16 players: sent: [1625, 1535, 1595, 1834, 1550, 1610, 1610, 1820, 1730, 1280, 1550, 1700, 1535, 1550, 1535, 1670]
16 players: broadcast: [97, 97, 99, 110, 97, 100, 99, 101, 106, 81, 95, 101, 96, 96, 95, 100]
16 players: turns: [103, 103, 103, 103, 103, 103, 103, 103, 103, 103, 103, 103, 103, 103, 103, 103]
17 players: sent: [1653, 1557, 1733, 1637, 1653, 1749, 1685, 1557, 1749, 1765, 1653, 1765, 1637, 1812, 1637, 1653, 1701]
17 players: broadcast: [94, 89, 100, 95, 95, 100, 95, 91, 99, 101, 96, 101, 94, 105, 95, 94, 96]
17 players: turns: [117, 117, 117, 117, 117, 117, 117, 117, 117, 117, 117, 117, 117, 117, 117, 117, 117]
18 players: sent: [1159, 1040, 955, 1227, 1091, 955, 1023, 1176, 1295, 989, 1040, 1023, 1193, 1125, 1091, 1125, 1209, 1040]
18 players: broadcast: [62, 56, 52, 65, 58, 52, 56, 62, 67, 54, 56, 55, 63, 61, 60, 61, 64, 57]
18 players: turns: [72, 72, 72, 72, 72, 72, 72, 72, 72, 72, 72, 72, 72, 72, 72, 72, 72, 72]
19 players: sent: [1373, 1462, 1391, 1301, 1229, 1283, 1211, 1265, 1247, 1265, 1337, 1247, 1517, 1319, 1391, 1283, 1247, 1355, 1481]
19 players: broadcast: [70, 74, 71, 66, 64, 67, 63, 67, 65, 63, 69, 61, 76, 69, 69, 67, 65, 69, 75]
19 players: turns: [75, 75, 75, 75, 75, 75, 75, 75, 75, 75, 75, 75, 75, 75, 75, 75, 75, 75, 75]
20 players: sent: [1715, 1980, 1734, 1753, 1810, 1620, 1544, 1848, 1696, 1658, 1753, 1677, 1848, 1677, 1753, 1639, 1620, 1563, 1677, 1525]
20 players: broadcast: [85, 94, 86, 86, 88, 78, 76, 90, 82, 83, 86, 83, 89, 84, 84, 81, 80, 75, 83, 75]
20 players: turns: [87, 87, 87, 87, 87, 87, 87, 87, 87, 87, 87, 87, 87, 87, 87, 87, 87, 87, 87, 87]
