2 players: sent: [23, 32]
2 players: broadcast: [13, 20]
2 players: turns: [11, 11]
3 players: sent: [98, 85, 91]
3 players: broadcast: [32, 32, 34]
3 players: turns: [26, 26, 26]
4 players: sent: [182, 208, 203, 218]
4 players: broadcast: [45, 57, 54, 56]
4 players: turns: [49, 49, 49, 49]
5 players: sent: [181, 200, 189, 197, 217]
5 players: broadcast: [36, 42, 34, 41, 43]
5 players: turns: [39, 39, 39, 39, 39]
6 players: sent: [319, 280, 265, 285, 290, 285]
6 players: broadcast: [51, 43, 44, 45, 48, 47]
6 players: turns: [53, 53, 53, 53, 53, 53]
7 players: sent: [334, 329, 353, 323, 341, 275, 347]
7 players: broadcast: [47, 47, 49, 44, 48, 32, 49]
7 players: turns: [51, 51, 51, 51, 51, 51, 51]
8 players: sent: [755, 644, 714, 714, 714, 700, 651, 665]
8 players: broadcast: [90, 80, 90, 85, 85, 88, 82, 82]
8 players: turns: [94, 94, 94, 94, 94, 94, 94, 94]
9 players: sent: [299, 259, 267, 259, 219, 370, 315, 299, 315]
9 players: broadcast: [31, 26, 28, 26, 22, 37, 32, 31, 32]
9 players: turns: [37, 37, 37, 37, 37, 37, 37, 37, 37]
10 players: sent: [444, 552, 498, 506, 444, 462, 390, 552, 381, 480]
10 players: broadcast: [45, 53, 49, 48, 42, 46, 40, 53, 36, 46]
10 players: turns: [42, 42, 42, 42, 42, 42, 42, 42, 42, 42]
11 players: sent: [795, 945, 845, 935, 875, 805, 875, 935, 914, 975, 775]
11 players: broadcast: [71, 83, 77, 82, 78, 72, 75, 80, 83, 86, 70]
11 players: turns: [96, 96, 96, 96, 96, 96, 96, 96, 96, 96, 96]
12 players: sent: [465, 498, 575, 443, 322, 421, 333, 311, 508, 410, 432, 454]
12 players: broadcast: [37, 38, 43, 36, 27, 34, 26, 25, 39, 34, 35, 36]
12 players: turns: [39, 39, 39, 39, 39, 39, 39, 39, 39, 39, 39, 39]
13 players: sent: [1384, 1265, 1265, 1241, 1217, 1157, 1205, 1313, 1241, 1277, 1133, 1313, 1253]
13 players: broadcast: [102, 95, 93, 94, 92, 87, 92, 97, 94, 95, 86, 97, 95]
13 players: turns: [106, 106, 106, 106, 106, 106, 106, 106, 106, 106, 106, 106, 106]
14 players: sent: [941, 993, 993, 954, 876, 967, 1005, 915, 928, 941, 954, 993, 954, 980]
14 players: broadcast: [64, 69, 68, 66, 58, 68, 70, 65, 64, 63, 67, 68, 62, 68]
14 players: turns: [81, 81, 81, 81, 81, 81, 81, 81, 81, 81, 81, 81, 81, 81]
15 players: sent: [1349, 1209, 1111, 1293, 1237, 1223, 1195, 1293, 1265, 1069, 1237, 1293, 1223, 1376, 1223]
15 players: broadcast: [87, 78, 72, 83, 80, 77, 78, 81, 82, 69, 80, 83, 76, 85, 80]
15 players: turns: [112, 112, 112, 112, 112, 112, 112, 112, 112, 112, 112, 112, 112, 112, 112]
