2 players: sent: [69, 75]
2 players: broadcast: [51, 54]
2 players: turns: [37, 37]
3 players: sent: [142, 125, 155]
3 players: broadcast: [55, 48, 57]
3 players: turns: [43, 43, 43]
4 players: sent: [156, 132, 140, 117]
4 players: broadcast: [39, 36, 34, 30]
4 players: turns: [32, 32, 32, 32]
5 players: sent: [185, 201, 244, 213, 229]
5 players: broadcast: [37, 40, 48, 41, 47]
5 players: turns: [45, 45, 45, 45, 45]
6 players: sent: [440, 465, 405, 420, 425, 434]
6 players: broadcast: [75, 77, 68, 67, 73, 73]
6 players: turns: [79, 79, 79, 79, 79, 79]
7 players: sent: [721, 763, 703, 709, 721, 673, 744]
7 players: broadcast: [104, 99, 103, 101, 104, 99, 106]
7 players: turns: [103, 103, 103, 103, 103, 103, 103]
8 players: sent: [285, 208, 292, 236, 236, 319, 285, 264]
8 players: broadcast: [33, 22, 33, 28, 25, 37, 33, 31]
8 players: turns: [39, 39, 39, 39, 39, 39, 39, 39]
9 players: sent: [451, 507, 555, 491, 475, 459, 450, 475, 459]
9 players: broadcast: [51, 55, 61, 56, 51, 50, 50, 53, 51]
9 players: turns: [46, 46, 46, 46, 46, 46, 46, 46, 46]
10 players: sent: [471, 426, 471, 543, 417, 444, 444, 426, 524, 390]
10 players: broadcast: [47, 43, 47, 51, 39, 44, 39, 42, 50, 39]
10 players: turns: [41, 41, 41, 41, 41, 41, 41, 41, 41, 41]
11 players: sent: [875, 915, 895, 945, 945, 1005, 925, 905, 925, 865, 984]
11 players: broadcast: [76, 82, 79, 81, 85, 88, 83, 77, 79, 79, 86]
11 players: turns: [93, 93, 93, 93, 93, 93, 93, 93, 93, 93, 93]
12 players: sent: [731, 731, 687, 852, 665, 742, 720, 687, 807, 621, 643, 753]
12 players: broadcast: [60, 60, 58, 68, 55, 59, 58, 54, 65, 52, 53, 58]
12 players: turns: [58, 58, 58, 58, 58, 58, 58, 58, 58, 58, 58, 58]
13 players: sent: [1097, 1096, 1121, 1109, 1085, 1157, 1061, 1133, 989, 1157, 1037, 749, 1013]
13 players: broadcast: [83, 83, 84, 81, 82, 85, 80, 83, 74, 86, 80, 56, 77]
13 players: turns: [89, 89, 89, 89, 89, 89, 89, 89, 89, 89, 89, 89, 89]
14 players: sent: [1149, 1227, 1201, 1175, 1305, 1279, 1227, 1097, 1227, 1266, 1149, 1123, 1188, 1187]
14 players: broadcast: [80, 85, 85, 82, 82, 88, 87, 79, 86, 84, 80, 77, 83, 84]
14 players: turns: [103, 103, 103, 103, 103, 103, 103, 103, 103, 103, 103, 103, 103, 103]
15 players: sent: [1083, 999, 1040, 1041, 1069, 929, 1083, 1097, 1181, 1055, 1139, 957, 1027, 859, 1055]
15 players: broadcast: [69, 65, 67, 68, 70, 59, 70, 71, 76, 69, 73, 59, 68, 58, 69]
15 players: turns: [80, 80, 80, 80, 80, 80, 80, 80, 80, 80, 80, 80, 80, 80, 80]
16 players: sent: [1280, 1220, 1414, 1385, 1385, 1310, 1265, 1310, 1355, 1415, 1385, 1310, 1295, 1355, 1295, 1445]
16 players: broadcast: [79, 74, 87, 86, 85, 81, 76, 81, 84, 86, 84, 76, 77, 81, 79, 87]
16 players: turns: [84, 84, 84, 84, 84, 84, 84, 84, 84, 84, 84, 84, 84, 84, 84, 84]
17 players: sent: [853, 917, 885, 885, 1061, 997, 869, 901, 933, 1029, 1013, 869, 773, 917, 900, 997, 837]
17 players: broadcast: [47, 52, 50, 48, 56, 55, 48, 47, 52, 56, 56, 49, 42, 52, 51, 55, 48]
17 players: turns: [75, 75, 75, 75, 75, 75, 75, 75, 75, 75, 75, 75, 75, 75, 75, 75, 75]
18 players: sent: [1568, 1501, 1501, 1773, 1484, 1722, 1467, 1603, 1433, 1518, 1484, 1467, 1603, 1484, 1637, 1518, 1552, 1620]
18 players: broadcast: [87, 82, 84, 94, 83, 93, 78, 87, 79, 76, 83, 81, 86, 81, 89, 84, 84, 89]
18 players: turns: [89, 89, 89, 89, 89, 89, 89, 89, 89, 89, 89, 89, 89, 89, 89, 89, 89, 89]
19 players: sent: [1517, 1409, 1553, 1373, 1535, 1409, 1355, 1535, 1373, 1409, 1624, 1409, 1283, 1427, 1427, 1427, 1463, 1517, 1427]
19 players: broadcast: [77, 71, 77, 70, 77, 70, 69, 77, 71, 72, 81, 71, 64, 73, 72, 71, 75, 77, 73]
19 players: turns: [104, 104, 104, 104, 104, 104, 104, 104, 104, 104, 104, 104, 104, 104, 104, 104, 104, 104, 104]
20 players: sent: [1411, 1145, 1259, 1449, 1240, 1335, 1334, 1411, 1126, 1297, 1392, 1240, 1354, 1525, 1411, 1392, 1392, 1354, 1335, 1392]
20 players: broadcast: [67, 55, 60, 69, 60, 64, 65, 66, 52, 63, 66, 58, 65, 71, 67, 66, 66, 66, 65, 66]
20 players: turns: [92, 92, 92, 92, 92, 92, 92, 92, 92, 92, 92, 92, 92, 92, 92, 92, 92, 92, 92, 92]
