2 players: sent: [44, 29]
2 players: broadcast: [30, 19]
2 players: turns: [17, 17]
3 players: sent: [127, 136, 123]
3 players: broadcast: [46, 53, 47]
3 players: turns: [42, 42, 42]
4 players: sent: [180, 180, 189, 206]
4 players: broadcast: [49, 48, 47, 49]
4 players: turns: [39, 39, 39, 39]
5 players: sent: [289, 332, 277, 313, 321]
5 players: broadcast: [62, 67, 58, 59, 66]
5 players: turns: [64, 64, 64, 64, 64]
6 players: sent: [320, 315, 339, 270, 305, 235]
6 players: broadcast: [50, 53, 56, 45, 50, 39]
6 players: turns: [46, 46, 46, 46, 46, 46]
7 players: sent: [346, 287, 311, 335, 359, 407, 365]
7 players: broadcast: [46, 41, 43, 48, 51, 53, 51]
7 players: turns: [52, 52, 52, 52, 52, 52, 52]
8 players: sent: [341, 348, 397, 376, 355, 341, 334, 354]
8 players: broadcast: [42, 42, 48, 46, 44, 42, 40, 42]
8 players: turns: [47, 47, 47, 47, 47, 47, 47, 47]
9 players: sent: [555, 499, 571, 562, 491, 491, 523, 555, 491]
9 players: broadcast: [61, 53, 62, 59, 54, 50, 57, 61, 55]
9 players: turns: [63, 63, 63, 63, 63, 63, 63, 63, 63]
10 players: sent: [426, 507, 534, 426, 416, 471, 507, 426, 381, 489]
10 players: broadcast: [42, 49, 51, 41, 39, 47, 49, 42, 37, 47]
10 players: turns: [58, 58, 58, 58, 58, 58, 58, 58, 58, 58]
11 players: sent: [845, 775, 875, 795, 805, 914, 755, 795, 745, 845, 785]
11 players: broadcast: [73, 72, 76, 71, 71, 81, 67, 72, 68, 75, 70]
11 players: turns: [82, 82, 82, 82, 82, 82, 82, 82, 82, 82, 82]
12 players: sent: [465, 509, 586, 300, 564, 498, 520, 465, 531, 465, 519, 531]
12 players: broadcast: [37, 41, 45, 25, 45, 41, 42, 35, 43, 39, 41, 43]
12 players: turns: [38, 38, 38, 38, 38, 38, 38, 38, 38, 38, 38, 38]
13 players: sent: [1229, 1265, 1325, 1277, 1349, 1265, 1241, 1241, 1372, 1361, 1217, 1241, 1229]
13 players: broadcast: [89, 98, 100, 96, 102, 98, 93, 96, 102, 102, 91, 94, 92]
13 players: turns: [104, 104, 104, 104, 104, 104, 104, 104, 104, 104, 104, 104, 104]
14 players: sent: [1331, 1162, 1370, 1292, 1253, 1383, 1344, 1331, 1305, 1318, 1266, 1279, 1409, 1421]
14 players: broadcast: [93, 81, 96, 90, 87, 97, 95, 94, 91, 91, 90, 86, 97, 98]
14 players: turns: [117, 117, 117, 117, 117, 117, 117, 117, 117, 117, 117, 117, 117, 117]
15 players: sent: [1209, 1307, 1125, 1307, 1265, 1237, 1167, 1209, 1195, 1279, 1321, 1167, 1153, 1363, 1278]
15 players: broadcast: [78, 86, 75, 85, 83, 82, 78, 77, 77, 84, 86, 74, 73, 87, 85]
15 players: turns: [83, 83, 83, 83, 83, 83, 83, 83, 83, 83, 83, 83, 83, 83, 83]
16 players: sent: [875, 830, 725, 800, 740, 875, 875, 860, 860, 845, 949, 875, 755, 875, 980, 815]
16 players: broadcast: [51, 50, 45, 48, 46, 52, 52, 52, 51, 51, 56, 53, 44, 53, 57, 49]
16 players: turns: [68, 68, 68, 68, 68, 68, 68, 68, 68, 68, 68, 68, 68, 68, 68, 68]
17 players: sent: [3079, 3031, 3015, 3095, 2791, 3079, 2919, 2983, 3095, 3175, 3031, 3110, 3047, 2999, 2999, 2951, 3047]
17 players: broadcast: [181, 177, 172, 175, 164, 180, 174, 176, 174, 177, 176, 181, 177, 176, 177, 171, 178]
17 players: turns: [211, 211, 211, 211, 211, 211, 211, 211, 211, 211, 211, 211, 211, 211, 211, 211, 211]
18 players: sent: [1263, 1348, 1331, 1229, 1314, 1382, 1450, 1365, 1416, 1484, 1212, 1229, 1348, 1382, 1534, 1331, 1450, 1399]
18 players: broadcast: [70, 73, 71, 67, 70, 74, 77, 73, 76, 77, 67, 64, 73, 72, 80, 70, 76, 72]
18 players: turns: [102, 102, 102, 102, 102, 102, 102, 102, 102, 102, 102, 102, 102, 102, 102, 102, 102, 102]
19 players: sent: [2651, 2687, 2543, 2615, 2561, 2525, 2615, 2651, 2399, 2705, 2615, 2849, 2651, 2633, 2723, 2848, 2579, 2633, 2543]
19 players: broadcast: [135, 139, 131, 137, 133, 134, 133, 139, 127, 141, 135, 138, 138, 138, 141, 142, 133, 137, 133]
19 players: turns: [151, 151, 151, 151, 151, 151, 151, 151, 151, 151, 151, 151, 151, 151, 151, 151, 151, 151, 151]
20 players: sent: [1658, 1601, 2037, 1791, 1734, 1715, 1734, 1601, 1886, 1544, 1658, 1734, 1620, 1506, 1658, 1753, 1620, 1696, 1905, 1658]
20 players: broadcast: [83, 80, 96, 88, 85, 85, 85, 78, 91, 77, 82, 86, 81, 73, 82, 86, 79, 84, 88, 81]
20 players: turns: [88, 88, 88, 88, 88, 88, 88, 88, 88, 88, 88, 88, 88, 88, 88, 88, 88, 88, 88, 88]
