2 players: sent: [25, 22]
2 players: broadcast: [14, 12]
3 players: sent: [93, 77, 78]
3 players: broadcast: [35, 29, 26]
4 players: sent: [138, 129, 147, 149]
4 players: broadcast: [35, 30, 39, 39]
5 players: sent: [429, 453, 392, 429, 417]
5 players: broadcast: [86, 93, 83, 90, 88]
6 players: sent: [265, 305, 309, 350, 280, 315]
6 players: broadcast: [46, 50, 52, 54, 48, 53]
7 players: sent: [323, 347, 359, 305, 353, 406, 341]
7 players: broadcast: [45, 50, 46, 42, 50, 57, 46]
8 players: sent: [565, 565, 550, 460, 572, 537, 607, 558]
8 players: broadcast: [68, 68, 65, 58, 71, 67, 72, 66]
9 players: sent: [597, 709, 605, 613, 669, 701, 756, 701, 677]
9 players: broadcast: [68, 77, 67, 64, 73, 78, 82, 78, 72]
10 players: sent: [390, 453, 390, 318, 480, 345, 372, 488, 444, 354]
10 players: broadcast: [37, 42, 35, 30, 43, 32, 35, 44, 41, 33]
11 players: sent: [615, 565, 645, 635, 694, 405, 625, 665, 585, 555, 685]
11 players: broadcast: [55, 48, 57, 56, 61, 35, 56, 59, 53, 51, 60]
12 players: sent: [443, 366, 300, 475, 586, 454, 498, 443, 465, 454, 498, 465]
12 players: broadcast: [36, 31, 24, 37, 45, 37, 40, 37, 35, 37, 40, 38]
13 players: sent: [1037, 989, 1049, 1061, 1073, 989, 965, 1073, 1132, 1001, 1013, 1133, 1049]
13 players: broadcast: [77, 75, 79, 80, 79, 73, 70, 80, 84, 76, 78, 84, 77]
14 players: sent: [2085, 2124, 2033, 2150, 1916, 2085, 2137, 1981, 2214, 2124, 2124, 2046, 2228, 2085]
14 players: broadcast: [147, 149, 142, 149, 138, 149, 151, 141, 152, 148, 147, 144, 155, 147]
15 players: sent: [1027, 901, 1097, 1195, 985, 1097, 1069, 1041, 1152, 971, 1265, 985, 1055, 1055, 1069]
15 players: broadcast: [63, 59, 70, 71, 65, 71, 65, 66, 74, 64, 79, 63, 68, 68, 67]
16 players: sent: [1055, 995, 1070, 1100, 1175, 1115, 1175, 1205, 1160, 1189, 1145, 1280, 1130, 1220, 1100, 980]
16 players: broadcast: [65, 60, 65, 65, 71, 68, 72, 72, 69, 71, 70, 76, 69, 73, 64, 61]
17 players: sent: [2101, 2069, 2005, 2053, 1925, 1893, 2021, 2052, 2053, 1973, 1941, 2005, 1989, 1989, 2149, 1989, 2053]
17 players: broadcast: [119, 108, 118, 115, 114, 111, 118, 119, 119, 116, 111, 115, 115, 116, 122, 115, 119]
18 players: sent: [1756, 1620, 1722, 1857, 1858, 1637, 1654, 1671, 1620, 1705, 1705, 1569, 1790, 1654, 1824, 1688, 1756, 1739]
18 players: broadcast: [95, 87, 91, 100, 100, 88, 92, 92, 88, 91, 94, 85, 96, 91, 98, 93, 96, 94]
19 players: sent: [1967, 1877, 1967, 1931, 1895, 2003, 1931, 2021, 1787, 2093, 2003, 1967, 1787, 1948, 1949, 1895, 1985, 1931, 2003]
19 players: broadcast: [101, 92, 99, 99, 98, 102, 100, 103, 93, 107, 102, 101, 92, 100, 100, 97, 100, 94, 103]
20 players: sent: [2665, 2456, 2437, 2475, 2608, 2532, 2361, 2551, 2570, 2589, 2513, 2456, 2380, 2399, 2494, 2285, 2551, 2645, 2551, 2456]
20 players: broadcast: [130, 122, 120, 116, 127, 124, 117, 124, 126, 122, 123, 119, 118, 120, 122, 111, 125, 126, 124, 119]
