15 players: sent: [439, 607, 327, 481, 551, 369, 481, 565, 341, 439, 508, 495, 397, 439, 397]
15 players: broadcast: [27, 35, 21, 29, 33, 24, 29, 33, 22, 27, 30, 29, 24, 27, 25]
15 players: turns: [44, 44, 44, 44, 44, 44, 44, 44, 44, 44, 44, 44, 44, 44, 44]
16 players: sent: [1070, 1040, 1175, 1175, 980, 1324, 1325, 1145, 1190, 1145, 980, 1175, 1190, 1100, 1160, 1250]
16 players: broadcast: [65, 64, 72, 71, 58, 78, 79, 70, 72, 70, 57, 71, 72, 67, 71, 75]
16 players: turns: [86, 86, 86, 86, 86, 86, 86, 86, 86, 86, 86, 86, 86, 86, 86, 86]
17 players: sent: [1413, 1653, 1525, 1589, 1445, 1461, 1493, 1669, 1653, 1445, 1477, 1189, 1381, 1477, 1461, 1444, 1493]
17 players: broadcast: [83, 92, 88, 91, 83, 84, 85, 94, 94, 83, 86, 71, 77, 87, 84, 82, 87]
17 players: turns: [100, 100, 100, 100, 100, 100, 100, 100, 100, 100, 100, 100, 100, 100, 100, 100, 100]
18 players: sent: [887, 836, 717, 734, 819, 836, 954, 836, 887, 751, 751, 785, 649, 819, 1006, 853, 734, 853]
18 players: broadcast: [47, 45, 37, 40, 44, 45, 49, 45, 47, 40, 41, 43, 33, 44, 51, 45, 40, 46]
18 players: turns: [56, 56, 56, 56, 56, 56, 56, 56, 56, 56, 56, 56, 56, 56, 56, 56, 56, 56]
19 players: sent: [1589, 1481, 1553, 1337, 1553, 1571, 1553, 1589, 1624, 1355, 1517, 1499, 1337, 1481, 1463, 1553, 1427, 1463, 1265]
19 players: broadcast: [80, 74, 78, 70, 78, 79, 76, 80, 81, 70, 78, 77, 69, 76, 75, 78, 72, 71, 63]
19 players: turns: [101, 101, 101, 101, 101, 101, 101, 101, 101, 101, 101, 101, 101, 101, 101, 101, 101, 101, 101]
20 players: sent: [2171, 2304, 2247, 2246, 2304, 2152, 2171, 2095, 2171, 2114, 2418, 2171, 2342, 2209, 1981, 2228, 2361, 2247, 2228, 2209]
20 players: broadcast: [104, 110, 110, 111, 113, 108, 106, 103, 107, 106, 115, 109, 111, 105, 97, 106, 115, 111, 110, 109]
20 players: turns: [130, 130, 130, 130, 130, 130, 130, 130, 130, 130, 130, 130, 130, 130, 130, 130, 130, 130, 130, 130]
