2 players: sent: [54, 36]
2 players: broadcast: [38, 24]
2 players: turns: [17, 17]
3 players: sent: [63, 92, 69]
3 players: broadcast: [22, 31, 24]
3 players: turns: [22, 22, 22]
4 players: sent: [313, 269, 281, 323]
4 players: broadcast: [81, 75, 76, 88]
4 players: turns: [74, 74, 74, 74]
5 players: sent: [552, 529, 549, 521, 505]
5 players: broadcast: [115, 114, 111, 109, 106]
5 players: turns: [105, 105, 105, 105, 105]
6 players: sent: [300, 349, 300, 250, 330, 335]
6 players: broadcast: [48, 58, 49, 41, 54, 57]
6 players: turns: [54, 54, 54, 54, 54, 54]
7 players: sent: [215, 221, 251, 197, 250, 173, 167]
7 players: broadcast: [28, 30, 33, 26, 33, 24, 21]
7 players: turns: [36, 36, 36, 36, 36, 36, 36]
8 players: sent: [467, 460, 418, 446, 369, 404, 487, 446]
8 players: broadcast: [56, 54, 49, 54, 43, 49, 59, 54]
8 players: turns: [62, 62, 62, 62, 62, 62, 62, 62]
9 players: sent: [323, 283, 307, 363, 227, 227, 330, 275, 315]
9 players: broadcast: [34, 31, 33, 37, 24, 25, 35, 28, 32]
9 players: turns: [35, 35, 35, 35, 35, 35, 35, 35, 35]
10 players: sent: [642, 633, 678, 677, 624, 543, 489, 615, 588, 615]
10 players: broadcast: [63, 63, 65, 64, 62, 48, 49, 62, 58, 61]
10 players: turns: [61, 61, 61, 61, 61, 61, 61, 61, 61, 61]
11 players: sent: [544, 545, 625, 635, 615, 655, 655, 575, 575, 575, 655]
11 players: broadcast: [46, 48, 56, 55, 54, 57, 57, 52, 52, 49, 58]
11 players: turns: [60, 60, 60, 60, 60, 60, 60, 60, 60, 60, 60]
12 players: sent: [599, 698, 599, 654, 676, 478, 763, 445, 753, 676, 764, 786]
12 players: broadcast: [51, 58, 51, 55, 56, 38, 62, 37, 62, 56, 62, 63]
12 players: turns: [45, 45, 45, 45, 45, 45, 45, 45, 45, 45, 45, 45]
13 players: sent: [929, 928, 905, 737, 833, 857, 773, 881, 833, 905, 941, 773, 917]
13 players: broadcast: [68, 66, 64, 57, 64, 63, 61, 64, 63, 68, 69, 59, 66]
13 players: turns: [72, 72, 72, 72, 72, 72, 72, 72, 72, 72, 72, 72, 72]
14 players: sent: [590, 538, 681, 473, 551, 525, 525, 434, 603, 616, 460, 694, 525, 589]
14 players: broadcast: [40, 38, 44, 32, 38, 36, 35, 31, 41, 42, 33, 45, 36, 41]
14 players: turns: [47, 47, 47, 47, 47, 47, 47, 47, 47, 47, 47, 47, 47, 47]
15 players: sent: [803, 985, 747, 761, 719, 887, 985, 831, 873, 942, 803, 957, 887, 929, 873]
15 players: broadcast: [52, 62, 47, 49, 47, 58, 62, 54, 57, 59, 53, 61, 58, 60, 57]
15 players: turns: [61, 61, 61, 61, 61, 61, 61, 61, 61, 61, 61, 61, 61, 61, 61]
16 players: sent: [1100, 905, 875, 935, 890, 755, 950, 950, 1084, 980, 950, 845, 980, 1070, 815, 935]
16 players: broadcast: [65, 55, 52, 57, 55, 47, 58, 58, 64, 59, 58, 52, 59, 63, 45, 55]
16 players: turns: [65, 65, 65, 65, 65, 65, 65, 65, 65, 65, 65, 65, 65, 65, 65, 65]
17 players: sent: [1445, 1525, 1397, 1413, 1509, 1317, 1381, 1477, 1365, 1412, 1429, 1237, 1445, 1381, 1429, 1477, 1253]
17 players: broadcast: [84, 88, 80, 82, 86, 77, 82, 86, 81, 81, 84, 72, 83, 80, 84, 86, 73]
17 players: turns: [81, 81, 81, 81, 81, 81, 81, 81, 81, 81, 81, 81, 81, 81, 81, 81, 81]
18 players: sent: [1297, 1416, 1144, 1331, 1348, 1348, 1365, 1433, 1382, 1535, 1059, 1466, 1433, 1416, 1331, 1416, 1433, 1297]
18 players: broadcast: [70, 76, 64, 72, 73, 70, 74, 76, 74, 81, 56, 78, 76, 76, 72, 76, 75, 70]
18 players: turns: [88, 88, 88, 88, 88, 88, 88, 88, 88, 88, 88, 88, 88, 88, 88, 88, 88, 88]
19 players: sent: [1463, 1121, 1643, 1625, 1499, 1499, 1517, 1571, 1391, 1409, 1535, 1517, 1463, 1643, 1445, 1624, 1463, 1535, 1607]
19 players: broadcast: [75, 57, 83, 81, 76, 77, 79, 80, 70, 72, 79, 78, 77, 82, 76, 83, 76, 80, 82]
19 players: turns: [93, 93, 93, 93, 93, 93, 93, 93, 93, 93, 93, 93, 93, 93, 93, 93, 93, 93, 93]
20 players: sent: [1791, 1791, 1962, 1962, 1734, 1791, 1658, 1943, 1962, 1829, 1886, 2018, 1867, 1772, 1924, 1810, 1810, 1924, 1639, 1734]
20 players: broadcast: [87, 87, 92, 95, 87, 88, 83, 94, 95, 90, 92, 98, 83, 85, 93, 88, 88, 93, 82, 83]
20 players: turns: [111, 111, 111, 111, 111, 111, 111, 111, 111, 111, 111, 111, 111, 111, 111, 111, 111, 111, 111, 111]
