2 players: sent: [114, 114]
2 players: broadcast: [86, 85]
2 players: turns: [56, 56]
3 players: sent: [82, 109, 93]
3 players: broadcast: [30, 41, 35]
3 players: turns: [29, 29, 29]
4 players: sent: [197, 189, 183, 192]
4 players: broadcast: [49, 47, 51, 50]
4 players: turns: [44, 44, 44, 44]
5 players: sent: [119, 119, 119, 147, 178]
5 players: broadcast: [23, 24, 23, 24, 34]
5 players: turns: [30, 30, 30, 30, 30]
6 players: sent: [360, 370, 375, 369, 370, 375]
6 players: broadcast: [60, 62, 62, 59, 59, 64]
6 players: turns: [63, 63, 63, 63, 63, 63]
7 players: sent: [239, 173, 166, 191, 245, 221, 221]
7 players: broadcast: [32, 22, 22, 26, 32, 30, 30]
7 players: turns: [34, 34, 34, 34, 34, 34, 34]
8 players: sent: [257, 257, 313, 257, 355, 278, 326, 341]
8 players: broadcast: [30, 32, 39, 32, 42, 32, 40, 41]
8 players: turns: [40, 40, 40, 40, 40, 40, 40, 40]
9 players: sent: [403, 459, 498, 347, 395, 403, 459, 443, 507]
9 players: broadcast: [45, 47, 51, 35, 44, 44, 50, 48, 54]
9 players: turns: [56, 56, 56, 56, 56, 56, 56, 56, 56]
10 players: sent: [968, 1004, 1058, 1040, 1067, 1102, 950, 1103, 923, 1013]
10 players: broadcast: [96, 99, 106, 103, 104, 111, 94, 110, 90, 102]
10 players: turns: [107, 107, 107, 107, 107, 107, 107, 107, 107, 107]
11 players: sent: [755, 605, 775, 685, 725, 765, 725, 815, 625, 814, 835]
11 players: broadcast: [67, 53, 67, 62, 66, 69, 65, 70, 57, 64, 73]
11 players: turns: [69, 69, 69, 69, 69, 69, 69, 69, 69, 69, 69]
12 players: sent: [1105, 1127, 1148, 1204, 1149, 1127, 1050, 1138, 1105, 1215, 1149, 1039]
12 players: broadcast: [80, 93, 95, 98, 94, 92, 87, 92, 92, 99, 95, 87]
12 players: turns: [97, 97, 97, 97, 97, 97, 97, 97, 97, 97, 97, 97]
13 players: sent: [989, 953, 1037, 965, 857, 977, 1025, 1013, 1133, 905, 1001, 1000, 1001]
13 players: broadcast: [74, 73, 78, 72, 65, 75, 77, 77, 82, 67, 76, 76, 72]
13 players: turns: [81, 81, 81, 81, 81, 81, 81, 81, 81, 81, 81, 81, 81]
14 players: sent: [720, 733, 707, 798, 642, 460, 733, 733, 681, 694, 629, 785, 706, 577]
14 players: broadcast: [50, 51, 49, 53, 45, 33, 51, 51, 48, 49, 43, 53, 48, 40]
14 players: turns: [47, 47, 47, 47, 47, 47, 47, 47, 47, 47, 47, 47, 47, 47]
15 players: sent: [915, 873, 873, 971, 859, 747, 817, 887, 677, 873, 1013, 943, 845, 915, 1040]
15 players: broadcast: [59, 57, 57, 61, 55, 47, 53, 56, 44, 57, 63, 60, 56, 59, 65]
15 players: turns: [73, 73, 73, 73, 73, 73, 73, 73, 73, 73, 73, 73, 73, 73, 73]
16 players: sent: [605, 455, 455, 560, 530, 710, 545, 649, 560, 530, 590, 560, 575, 545, 485, 560]
16 players: broadcast: [35, 28, 25, 33, 32, 39, 33, 36, 33, 32, 35, 33, 34, 33, 30, 33]
16 players: turns: [40, 40, 40, 40, 40, 40, 40, 40, 40, 40, 40, 40, 40, 40, 40, 40]
17 players: sent: [2919, 2711, 2903, 2839, 2935, 2855, 2807, 2839, 2822, 2903, 2935, 2839, 2871, 2983, 2839, 2935, 2855]
17 players: broadcast: [172, 156, 171, 166, 171, 168, 163, 165, 162, 166, 172, 166, 165, 172, 164, 172, 167]
17 players: turns: [191, 191, 191, 191, 191, 191, 191, 191, 191, 191, 191, 191, 191, 191, 191, 191, 191]
18 players: sent: [1552, 1824, 1637, 1756, 1739, 1722, 1755, 1909, 1807, 1688, 1620, 1858, 1773, 1824, 1739, 1858, 1688, 1790]
18 players: broadcast: [88, 101, 87, 93, 95, 94, 98, 104, 98, 93, 86, 101, 98, 99, 94, 102, 95, 99]
18 players: turns: [99, 99, 99, 99, 99, 99, 99, 99, 99, 99, 99, 99, 99, 99, 99, 99, 99, 99]
19 players: sent: [1319, 1535, 1733, 1625, 1715, 1517, 1697, 1643, 1355, 1625, 1732, 1535, 1751, 1805, 1769, 1661, 1535, 1769, 1625]
19 players: broadcast: [71, 80, 89, 85, 88, 81, 87, 85, 69, 83, 87, 79, 89, 91, 89, 82, 80, 88, 85]
19 players: turns: [96, 96, 96, 96, 96, 96, 96, 96, 96, 96, 96, 96, 96, 96, 96, 96, 96, 96, 96]
20 players: sent: [1088, 1449, 1373, 1316, 1506, 1297, 1240, 1297, 1316, 1506, 1373, 1468, 1259, 1411, 1449, 1563, 1373, 1278, 1335, 1581]
20 players: broadcast: [52, 71, 68, 66, 71, 66, 62, 64, 66, 72, 68, 70, 63, 69, 69, 74, 68, 63, 67, 73]
20 players: turns: [76, 76, 76, 76, 76, 76, 76, 76, 76, 76, 76, 76, 76, 76, 76, 76, 76, 76, 76, 76]
