2 players: sent: [33, 47]
2 players: broadcast: [21, 34]
3 players: sent: [183, 212, 179]
3 players: broadcast: [71, 83, 66]
4 players: sent: [129, 113, 156, 126]
4 players: broadcast: [35, 25, 41, 35]
5 players: sent: [187, 250, 159, 179, 203]
5 players: broadcast: [38, 49, 30, 36, 39]
6 players: sent: [360, 365, 359, 355, 360, 315]
6 players: broadcast: [56, 58, 60, 58, 59, 51]
7 players: sent: [425, 449, 431, 478, 401, 485, 395]
7 players: broadcast: [62, 62, 56, 67, 58, 68, 56]
8 players: sent: [677, 628, 684, 649, 733, 642, 642, 620]
8 players: broadcast: [83, 80, 82, 78, 86, 82, 81, 78]
9 players: sent: [658, 667, 595, 571, 595, 667, 587, 675, 619]
9 players: broadcast: [70, 74, 65, 58, 66, 72, 65, 73, 68]
10 players: sent: [615, 579, 579, 480, 615, 615, 615, 633, 605, 606]
10 players: broadcast: [59, 57, 53, 46, 60, 61, 60, 62, 60, 60]
11 players: sent: [655, 665, 605, 675, 655, 614, 685, 695, 605, 625, 655]
11 players: broadcast: [57, 56, 54, 56, 56, 55, 60, 61, 55, 56, 57]
12 players: sent: [1347, 1435, 1303, 1314, 1314, 1379, 1336, 1325, 1281, 1226, 1402, 1259]
12 players: broadcast: [112, 115, 108, 104, 108, 110, 109, 109, 107, 99, 112, 104]
13 players: sent: [1277, 1241, 1385, 1397, 1193, 1361, 1205, 1277, 1180, 1325, 1277, 1337, 1349]
13 players: broadcast: [94, 97, 102, 106, 93, 103, 94, 99, 88, 102, 99, 101, 99]
14 players: sent: [1019, 1058, 1136, 1058, 967, 980, 1006, 1019, 967, 1110, 1122, 980, 1110, 928]
14 players: broadcast: [71, 73, 77, 74, 68, 69, 69, 71, 68, 72, 73, 64, 75, 65]
15 players: sent: [2119, 1979, 2119, 2105, 2161, 2146, 2105, 2105, 2189, 2231, 2049, 2287, 2329, 2035, 2203]
15 players: broadcast: [141, 134, 140, 138, 141, 141, 138, 136, 141, 146, 136, 149, 150, 133, 142]
16 players: sent: [1309, 1295, 1220, 1220, 1160, 1220, 1130, 1115, 1250, 1430, 1130, 1220, 1220, 1145, 1055, 1205]
16 players: broadcast: [80, 79, 77, 76, 71, 76, 68, 66, 78, 85, 71, 76, 76, 69, 66, 73]
17 players: sent: [1077, 997, 933, 949, 1125, 821, 1204, 965, 1029, 1061, 981, 901, 1077, 1013, 997, 997, 1077]
17 players: broadcast: [60, 57, 55, 54, 63, 47, 66, 56, 58, 59, 55, 46, 60, 56, 55, 57, 60]
18 players: sent: [921, 785, 717, 903, 904, 768, 836, 768, 785, 734, 734, 853, 785, 785, 853, 649, 598, 717]
18 players: broadcast: [46, 42, 36, 47, 47, 41, 44, 41, 42, 40, 40, 43, 40, 41, 44, 35, 32, 39]
19 players: sent: [1697, 1607, 1805, 1787, 1661, 1769, 1625, 1679, 1768, 1697, 1409, 1733, 1679, 1625, 1697, 1715, 1697, 1571, 1679]
19 players: broadcast: [87, 84, 92, 91, 86, 91, 84, 87, 82, 88, 74, 87, 87, 81, 87, 88, 87, 82, 84]
20 players: sent: [2247, 2095, 2323, 2019, 2133, 2209, 2228, 2209, 2190, 2285, 2304, 2076, 2285, 2190, 2266, 2076, 2285, 2171, 2322, 2000]
20 players: broadcast: [111, 102, 115, 101, 106, 109, 110, 109, 105, 108, 112, 103, 107, 107, 112, 103, 112, 108, 112, 99]
