2 players: sent: [149, 138]
2 players: broadcast: [114, 101]
2 players: turns: [72, 72]
3 players: sent: [111, 97, 98]
3 players: broadcast: [42, 34, 37]
3 players: turns: [33, 33, 33]
4 players: sent: [135, 150, 161, 156]
4 players: broadcast: [33, 38, 43, 39]
4 players: turns: [34, 34, 34, 34]
5 players: sent: [151, 183, 202, 163, 175]
5 players: broadcast: [27, 37, 41, 32, 35]
5 players: turns: [33, 33, 33, 33, 33]
6 players: sent: [534, 475, 460, 535, 475, 505]
6 players: broadcast: [90, 81, 79, 85, 80, 86]
6 players: turns: [87, 87, 87, 87, 87, 87]
7 players: sent: [395, 365, 430, 359, 377, 371, 347]
7 players: broadcast: [53, 50, 60, 49, 49, 51, 50]
7 players: turns: [70, 70, 70, 70, 70, 70, 70]
8 players: sent: [432, 467, 460, 404, 425, 467, 460, 543]
8 players: broadcast: [52, 57, 56, 45, 51, 58, 57, 63]
8 players: turns: [62, 62, 62, 62, 62, 62, 62, 62]
9 players: sent: [451, 451, 483, 451, 395, 411, 339, 378, 339]
9 players: broadcast: [49, 49, 51, 49, 43, 46, 35, 41, 38]
9 players: turns: [49, 49, 49, 49, 49, 49, 49, 49, 49]
10 players: sent: [534, 462, 426, 444, 273, 479, 489, 480, 435, 462]
10 players: broadcast: [50, 42, 42, 42, 26, 45, 45, 46, 40, 44]
10 players: turns: [56, 56, 56, 56, 56, 56, 56, 56, 56, 56]
11 players: sent: [665, 724, 655, 705, 735, 655, 675, 695, 705, 655, 725]
11 players: broadcast: [60, 57, 56, 62, 65, 56, 61, 60, 63, 60, 64]
11 players: turns: [66, 66, 66, 66, 66, 66, 66, 66, 66, 66, 66]
12 players: sent: [643, 730, 720, 665, 665, 533, 720, 555, 610, 709, 621, 753]
12 players: broadcast: [53, 59, 58, 55, 53, 42, 57, 43, 50, 58, 51, 60]
12 players: turns: [59, 59, 59, 59, 59, 59, 59, 59, 59, 59, 59, 59]
13 players: sent: [977, 929, 905, 1013, 953, 989, 1085, 1025, 941, 917, 1025, 941, 1000]
13 players: broadcast: [76, 69, 68, 77, 70, 76, 81, 78, 69, 72, 78, 72, 74]
13 players: turns: [77, 77, 77, 77, 77, 77, 77, 77, 77, 77, 77, 77, 77]
14 players: sent: [616, 551, 447, 486, 512, 434, 434, 473, 486, 499, 563, 421, 395, 512]
14 players: broadcast: [39, 36, 30, 33, 34, 30, 29, 31, 33, 33, 37, 29, 26, 34]
14 players: turns: [46, 46, 46, 46, 46, 46, 46, 46, 46, 46, 46, 46, 46, 46]
15 players: sent: [957, 831, 985, 873, 943, 873, 957, 1097, 1054, 915, 929, 761, 999, 943, 957]
15 players: broadcast: [62, 55, 62, 56, 61, 57, 62, 68, 66, 58, 61, 49, 63, 61, 60]
15 players: turns: [77, 77, 77, 77, 77, 77, 77, 77, 77, 77, 77, 77, 77, 77, 77]
16 players: sent: [1340, 1265, 1310, 1190, 1145, 1265, 1235, 1040, 1310, 1310, 1265, 1355, 1295, 1250, 1370, 1444]
16 players: broadcast: [81, 78, 80, 75, 72, 78, 70, 61, 79, 80, 75, 82, 78, 78, 83, 84]
16 players: turns: [77, 77, 77, 77, 77, 77, 77, 77, 77, 77, 77, 77, 77, 77, 77, 77]
17 players: sent: [1461, 1492, 1621, 1445, 1557, 1445, 1525, 1493, 1541, 1477, 1557, 1333, 1445, 1301, 1349, 1589, 1477]
17 players: broadcast: [86, 84, 92, 83, 89, 84, 88, 82, 86, 86, 89, 79, 85, 76, 75, 91, 86]
17 players: turns: [96, 96, 96, 96, 96, 96, 96, 96, 96, 96, 96, 96, 96, 96, 96, 96, 96]
18 players: sent: [1331, 1161, 1025, 1161, 1144, 1076, 1246, 1195, 1195, 1093, 1025, 1212, 1059, 1296, 1195, 1059, 1161, 1144]
18 players: broadcast: [69, 63, 55, 63, 63, 59, 66, 65, 65, 60, 54, 65, 57, 69, 64, 54, 62, 63]
18 players: turns: [74, 74, 74, 74, 74, 74, 74, 74, 74, 74, 74, 74, 74, 74, 74, 74, 74, 74]
19 players: sent: [1625, 1607, 1786, 1607, 1679, 1499, 1589, 1643, 1625, 1697, 1553, 1589, 1823, 1733, 1643, 1607, 1589, 1535, 1679]
19 players: broadcast: [77, 80, 89, 82, 86, 77, 82, 83, 84, 85, 79, 83, 91, 87, 85, 83, 83, 79, 86]
19 players: turns: [104, 104, 104, 104, 104, 104, 104, 104, 104, 104, 104, 104, 104, 104, 104, 104, 104, 104, 104]
20 players: sent: [1544, 1373, 1449, 1297, 1259, 1487, 1354, 1468, 1601, 1430, 1525, 1506, 1449, 1544, 1373, 1544, 1563, 1240, 1733, 1354]
20 players: broadcast: [74, 68, 69, 63, 61, 71, 68, 70, 74, 69, 74, 72, 71, 74, 69, 74, 75, 62, 81, 64]
20 players: turns: [90, 90, 90, 90, 90, 90, 90, 90, 90, 90, 90, 90, 90, 90, 90, 90, 90, 90, 90, 90]
