2 players: sent: [50, 55]
2 players: broadcast: [35, 38]
2 players: turns: [28, 28]
3 players: sent: [111, 87, 102]
3 players: broadcast: [41, 31, 40]
3 players: turns: [32, 32, 32]
4 players: sent: [159, 185, 150, 141]
4 players: broadcast: [42, 47, 39, 35]
4 players: turns: [40, 40, 40, 40]
5 players: sent: [139, 118, 147, 139, 163]
5 players: broadcast: [28, 20, 28, 28, 32]
5 players: turns: [28, 28, 28, 28, 28]
6 players: sent: [275, 230, 205, 244, 255, 230]
6 players: broadcast: [44, 39, 34, 38, 40, 38]
6 players: turns: [42, 42, 42, 42, 42, 42]
7 players: sent: [497, 527, 455, 479, 503, 497, 502]
7 players: broadcast: [70, 74, 66, 67, 73, 70, 68]
7 players: turns: [76, 76, 76, 76, 76, 76, 76]
8 players: sent: [355, 334, 292, 347, 341, 383, 327, 292]
8 players: broadcast: [40, 41, 36, 41, 41, 45, 38, 37]
8 players: turns: [44, 44, 44, 44, 44, 44, 44, 44]
9 players: sent: [339, 259, 291, 275, 410, 307, 163, 355, 283]
9 players: broadcast: [37, 29, 32, 30, 42, 34, 17, 38, 32]
9 players: turns: [28, 28, 28, 28, 28, 28, 28, 28, 28]
10 players: sent: [579, 668, 624, 597, 678, 561, 642, 624, 552, 597]
10 players: broadcast: [58, 63, 60, 60, 66, 53, 63, 62, 57, 55]
10 players: turns: [70, 70, 70, 70, 70, 70, 70, 70, 70, 70]
11 players: sent: [1295, 1275, 1444, 1225, 1315, 1295, 1305, 1315, 1305, 1275, 1325]
11 players: broadcast: [115, 116, 125, 112, 115, 116, 118, 120, 117, 117, 115]
11 players: turns: [138, 138, 138, 138, 138, 138, 138, 138, 138, 138, 138]
12 players: sent: [940, 940, 973, 984, 973, 940, 1028, 995, 907, 994, 962, 962]
12 players: broadcast: [78, 72, 80, 80, 77, 76, 83, 79, 75, 80, 79, 77]
12 players: turns: [87, 87, 87, 87, 87, 87, 87, 87, 87, 87, 87, 87]
13 players: sent: [593, 676, 653, 533, 461, 557, 689, 617, 425, 497, 557, 557, 581]
13 players: broadcast: [41, 47, 46, 40, 35, 40, 48, 44, 31, 36, 39, 41, 40]
13 players: turns: [58, 58, 58, 58, 58, 58, 58, 58, 58, 58, 58, 58, 58]
14 players: sent: [1331, 1395, 941, 1201, 1188, 1188, 1253, 1240, 1240, 1162, 1123, 1253, 1149, 1110]
14 players: broadcast: [92, 96, 67, 85, 84, 84, 88, 88, 87, 84, 82, 88, 80, 74]
14 players: turns: [94, 94, 94, 94, 94, 94, 94, 94, 94, 94, 94, 94, 94, 94]
15 players: sent: [1054, 1041, 1027, 999, 859, 985, 929, 943, 943, 915, 971, 971, 943, 803, 957]
15 players: broadcast: [67, 66, 62, 63, 52, 64, 62, 62, 61, 60, 63, 63, 61, 51, 61]
15 players: turns: [77, 77, 77, 77, 77, 77, 77, 77, 77, 77, 77, 77, 77, 77, 77]
16 players: sent: [1160, 1040, 1025, 1100, 1115, 1159, 1055, 1025, 980, 1070, 1010, 785, 1130, 1130, 1025, 965]
16 players: broadcast: [68, 65, 63, 66, 65, 69, 65, 64, 60, 65, 62, 49, 68, 67, 61, 56]
16 players: turns: [69, 69, 69, 69, 69, 69, 69, 69, 69, 69, 69, 69, 69, 69, 69, 69]
17 players: sent: [1109, 1077, 1237, 1221, 1125, 1061, 1237, 1125, 1189, 1125, 1348, 1093, 1093, 1317, 1189, 1317, 1109]
17 players: broadcast: [65, 62, 70, 69, 64, 62, 70, 65, 69, 64, 73, 64, 65, 73, 61, 74, 64]
17 players: turns: [79, 79, 79, 79, 79, 79, 79, 79, 79, 79, 79, 79, 79, 79, 79, 79, 79]
18 players: sent: [1841, 1586, 1518, 1875, 1467, 1722, 1773, 1654, 1586, 1552, 1959, 1654, 1501, 1620, 1688, 1569, 1909, 1892]
18 players: broadcast: [100, 89, 86, 100, 80, 93, 98, 92, 85, 87, 104, 92, 85, 87, 93, 87, 101, 100]
18 players: turns: [104, 104, 104, 104, 104, 104, 104, 104, 104, 104, 104, 104, 104, 104, 104, 104, 104, 104]
19 players: sent: [1175, 1193, 1517, 1175, 1139, 1391, 1229, 1409, 1229, 1372, 1535, 1265, 1337, 1355, 1301, 1337, 1193, 1391, 1481]
19 players: broadcast: [60, 59, 75, 63, 60, 71, 63, 71, 62, 70, 76, 65, 68, 69, 67, 69, 63, 71, 73]
19 players: turns: [85, 85, 85, 85, 85, 85, 85, 85, 85, 85, 85, 85, 85, 85, 85, 85, 85, 85, 85]
20 players: sent: [2342, 2380, 2532, 2494, 2190, 2475, 2399, 2437, 2323, 2531, 2342, 2342, 2361, 2494, 2418, 2532, 2608, 2171, 2399, 2361]
20 players: broadcast: [114, 119, 123, 121, 110, 118, 118, 120, 112, 123, 116, 114, 115, 122, 120, 118, 123, 109, 119, 117]
20 players: turns: [143, 143, 143, 143, 143, 143, 143, 143, 143, 143, 143, 143, 143, 143, 143, 143, 143, 143, 143, 143]
