2 players: sent: [155, 143]
2 players: broadcast: [117, 106]
2 players: turns: [71, 71]
3 players: sent: [117, 136, 141]
3 players: broadcast: [46, 49, 55]
3 players: turns: [40, 40, 40]
4 players: sent: [224, 198, 198, 183]
4 players: broadcast: [58, 52, 52, 47]
4 players: turns: [49, 49, 49, 49]
5 players: sent: [119, 99, 147, 138, 123]
5 players: broadcast: [25, 16, 28, 27, 25]
5 players: turns: [23, 23, 23, 23, 23]
6 players: sent: [270, 305, 344, 330, 290, 295]
6 players: broadcast: [44, 51, 56, 52, 47, 48]
6 players: turns: [61, 61, 61, 61, 61, 61]
7 players: sent: [202, 215, 191, 227, 239, 197, 155]
7 players: broadcast: [22, 29, 26, 30, 31, 26, 21]
7 players: turns: [31, 31, 31, 31, 31, 31, 31]
8 players: sent: [530, 649, 544, 488, 599, 614, 558, 607]
8 players: broadcast: [64, 79, 68, 60, 75, 75, 69, 76]
8 players: turns: [71, 71, 71, 71, 71, 71, 71, 71]
9 players: sent: [315, 291, 371, 371, 387, 371, 371, 395, 466]
9 players: broadcast: [33, 29, 42, 41, 42, 41, 40, 43, 49]
9 players: turns: [36, 36, 36, 36, 36, 36, 36, 36, 36]
10 players: sent: [435, 426, 417, 381, 479, 543, 399, 570, 453, 399]
10 players: broadcast: [43, 43, 41, 38, 47, 52, 38, 53, 44, 38]
10 players: turns: [47, 47, 47, 47, 47, 47, 47, 47, 47, 47]
11 players: sent: [173, 273, 363, 282, 273, 273, 283, 183, 263, 293, 263]
11 players: broadcast: [15, 23, 28, 23, 22, 22, 21, 15, 21, 24, 22]
11 players: turns: [32, 32, 32, 32, 32, 32, 32, 32, 32, 32, 32]
12 players: sent: [608, 586, 487, 608, 596, 399, 608, 597, 564, 509, 542, 509]
12 players: broadcast: [48, 46, 39, 48, 47, 31, 47, 47, 42, 41, 44, 40]
12 players: turns: [54, 54, 54, 54, 54, 54, 54, 54, 54, 54, 54, 54]
13 players: sent: [665, 785, 569, 641, 785, 712, 833, 689, 749, 749, 761, 785, 689]
13 players: broadcast: [51, 56, 43, 48, 59, 54, 61, 52, 57, 56, 58, 58, 50]
13 players: turns: [58, 58, 58, 58, 58, 58, 58, 58, 58, 58, 58, 58, 58]
14 players: sent: [720, 590, 759, 590, 668, 642, 746, 785, 759, 707, 616, 862, 707, 681]
14 players: broadcast: [49, 40, 52, 42, 47, 43, 51, 54, 52, 49, 42, 57, 50, 46]
14 players: turns: [56, 56, 56, 56, 56, 56, 56, 56, 56, 56, 56, 56, 56, 56]
15 players: sent: [621, 509, 551, 425, 481, 495, 523, 607, 705, 690, 635, 551, 509, 579, 593]
15 players: broadcast: [38, 33, 35, 28, 29, 32, 34, 37, 41, 42, 39, 31, 31, 36, 37]
15 players: turns: [53, 53, 53, 53, 53, 53, 53, 53, 53, 53, 53, 53, 53, 53, 53]
16 players: sent: [575, 530, 560, 530, 545, 515, 545, 455, 530, 425, 560, 620, 590, 365, 560, 784]
16 players: broadcast: [34, 32, 33, 29, 32, 31, 32, 29, 32, 26, 33, 36, 35, 21, 33, 43]
16 players: turns: [41, 41, 41, 41, 41, 41, 41, 41, 41, 41, 41, 41, 41, 41, 41, 41]
17 players: sent: [1141, 1445, 1317, 1365, 1284, 1461, 1413, 1365, 1413, 1365, 1413, 1349, 1349, 1333, 1317, 1269, 1429]
17 players: broadcast: [67, 82, 74, 78, 69, 83, 80, 77, 81, 78, 81, 79, 78, 75, 75, 73, 81]
17 players: turns: [94, 94, 94, 94, 94, 94, 94, 94, 94, 94, 94, 94, 94, 94, 94, 94, 94]
18 players: sent: [1518, 1518, 1467, 1382, 1433, 1569, 1620, 1314, 1450, 1518, 1484, 1518, 1432, 1501, 1603, 1603, 1467, 1586]
18 players: broadcast: [82, 82, 80, 77, 79, 85, 86, 73, 79, 84, 80, 83, 76, 81, 86, 86, 78, 84]
18 players: turns: [99, 99, 99, 99, 99, 99, 99, 99, 99, 99, 99, 99, 99, 99, 99, 99, 99, 99]
19 players: sent: [1409, 1499, 1445, 1553, 1373, 1373, 1157, 1571, 1427, 1229, 1624, 1373, 1481, 1391, 1409, 1445, 1337, 1283, 1193]
19 players: broadcast: [73, 77, 75, 79, 71, 72, 59, 79, 74, 63, 82, 72, 76, 73, 74, 73, 70, 68, 62]
19 players: turns: [76, 76, 76, 76, 76, 76, 76, 76, 76, 76, 76, 76, 76, 76, 76, 76, 76, 76, 76]
20 players: sent: [1582, 1468, 1411, 1487, 1354, 1316, 1297, 1012, 1392, 1411, 1449, 1411, 1468, 1487, 1278, 1430, 1316, 1373, 1410, 1335]
20 players: broadcast: [75, 66, 68, 70, 67, 64, 65, 49, 68, 69, 70, 69, 71, 71, 63, 70, 65, 67, 69, 66]
20 players: turns: [83, 83, 83, 83, 83, 83, 83, 83, 83, 83, 83, 83, 83, 83, 83, 83, 83, 83, 83, 83]
