2 players: sent: [72, 76]
2 players: broadcast: [53, 55]
2 players: turns: [39, 39]
3 players: sent: [152, 143, 175]
3 players: broadcast: [59, 58, 67]
3 players: turns: [51, 51, 51]
4 players: sent: [189, 177, 188, 201]
4 players: broadcast: [51, 45, 48, 52]
4 players: turns: [42, 42, 42, 42]
5 players: sent: [213, 261, 197, 212, 149]
5 players: broadcast: [43, 52, 35, 43, 31]
5 players: turns: [33, 33, 33, 33, 33]
6 players: sent: [210, 305, 339, 320, 315, 295]
6 players: broadcast: [34, 51, 56, 54, 53, 48]
6 players: turns: [43, 43, 43, 43, 43, 43]
7 players: sent: [442, 443, 419, 413, 407, 383, 425]
7 players: broadcast: [60, 59, 58, 58, 58, 53, 60]
7 players: turns: [69, 69, 69, 69, 69, 69, 69]
8 players: sent: [607, 614, 544, 648, 579, 572, 614, 544]
8 players: broadcast: [75, 75, 64, 76, 71, 72, 76, 67]
8 players: turns: [88, 88, 88, 88, 88, 88, 88, 88]
9 players: sent: [355, 451, 323, 379, 451, 498, 403, 451, 347]
9 players: broadcast: [40, 45, 34, 42, 48, 52, 43, 45, 38]
9 players: turns: [53, 53, 53, 53, 53, 53, 53, 53, 53]
10 players: sent: [805, 590, 698, 698, 752, 752, 761, 752, 662, 644]
10 players: broadcast: [77, 58, 66, 68, 72, 73, 70, 73, 66, 64]
10 players: turns: [83, 83, 83, 83, 83, 83, 83, 83, 83, 83]
11 players: sent: [615, 555, 615, 635, 725, 665, 625, 645, 764, 715, 585]
11 players: broadcast: [54, 46, 55, 55, 61, 58, 56, 58, 65, 62, 52]
11 players: turns: [70, 70, 70, 70, 70, 70, 70, 70, 70, 70, 70]
12 players: sent: [333, 432, 343, 212, 333, 256, 234, 311, 212, 278, 256, 289]
12 players: broadcast: [25, 31, 26, 17, 26, 21, 18, 24, 15, 22, 21, 23]
12 players: turns: [28, 28, 28, 28, 28, 28, 28, 28, 28, 28, 28, 28]
13 players: sent: [497, 593, 569, 593, 676, 545, 665, 473, 569, 521, 593, 521, 521]
13 players: broadcast: [37, 42, 41, 43, 48, 40, 46, 32, 41, 36, 43, 39, 38]
13 players: turns: [56, 56, 56, 56, 56, 56, 56, 56, 56, 56, 56, 56, 56]
14 players: sent: [1279, 1188, 1110, 1058, 1110, 1071, 1201, 1136, 967, 1252, 1201, 941, 1110, 1058]
14 players: broadcast: [86, 83, 78, 72, 76, 77, 79, 80, 68, 87, 83, 68, 78, 75]
14 players: turns: [85, 85, 85, 85, 85, 85, 85, 85, 85, 85, 85, 85, 85, 85]
15 players: sent: [887, 957, 873, 859, 1026, 887, 859, 817, 873, 845, 817, 1013, 1041, 761, 887]
15 players: broadcast: [57, 61, 57, 57, 64, 58, 57, 53, 57, 50, 55, 64, 64, 47, 58]
15 players: turns: [66, 66, 66, 66, 66, 66, 66, 66, 66, 66, 66, 66, 66, 66, 66]
16 players: sent: [725, 650, 665, 770, 740, 785, 785, 830, 650, 590, 560, 815, 905, 875, 904, 755]
16 players: broadcast: [45, 40, 41, 47, 46, 48, 48, 50, 39, 37, 33, 48, 52, 51, 53, 45]
16 players: turns: [50, 50, 50, 50, 50, 50, 50, 50, 50, 50, 50, 50, 50, 50, 50, 50]
17 players: sent: [1461, 1445, 1429, 1445, 1429, 1509, 1429, 1556, 1573, 1509, 1493, 1445, 1557, 1301, 1365, 1413, 1461]
17 players: broadcast: [84, 83, 83, 83, 79, 86, 81, 87, 87, 86, 85, 81, 88, 75, 77, 80, 82]
17 players: turns: [122, 122, 122, 122, 122, 122, 122, 122, 122, 122, 122, 122, 122, 122, 122, 122, 122]
18 players: sent: [1263, 1110, 1314, 1518, 1263, 1263, 1246, 1518, 1297, 1262, 1161, 1433, 1161, 1280, 1433, 1416, 1484, 1365]
18 players: broadcast: [70, 59, 71, 80, 70, 69, 69, 80, 68, 69, 64, 77, 65, 70, 75, 76, 78, 74]
18 players: turns: [90, 90, 90, 90, 90, 90, 90, 90, 90, 90, 90, 90, 90, 90, 90, 90, 90, 90]
19 players: sent: [1211, 1301, 1319, 1355, 1103, 1337, 1067, 1481, 1193, 1373, 1373, 1534, 1319, 1391, 1319, 1265, 1517, 1355, 1319]
19 players: broadcast: [63, 68, 68, 70, 58, 69, 50, 72, 60, 71, 69, 76, 68, 71, 68, 66, 75, 69, 68]
19 players: turns: [77, 77, 77, 77, 77, 77, 77, 77, 77, 77, 77, 77, 77, 77, 77, 77, 77, 77, 77]
20 players: sent: [1354, 1449, 1544, 1468, 1297, 1411, 1506, 1581, 1487, 1430, 1411, 1354, 1544, 1544, 1449, 1468, 1677, 1468, 1430, 1506]
20 players: broadcast: [67, 71, 75, 72, 61, 70, 74, 76, 73, 70, 70, 65, 75, 75, 67, 72, 79, 71, 67, 73]
20 players: turns: [89, 89, 89, 89, 89, 89, 89, 89, 89, 89, 89, 89, 89, 89, 89, 89, 89, 89, 89, 89]
