2 players: sent: [87, 89]
2 players: broadcast: [65, 63]
3 players: sent: [79, 59, 70]
3 players: broadcast: [28, 21, 24]
4 players: sent: [470, 425, 466, 419]
4 players: broadcast: [128, 118, 130, 115]
5 players: sent: [257, 193, 229, 272, 273]
5 players: broadcast: [53, 40, 47, 55, 53]
6 players: sent: [345, 280, 349, 310, 360, 350]
6 players: broadcast: [58, 45, 58, 54, 55, 59]
7 players: sent: [467, 455, 479, 425, 544, 509, 491]
7 players: broadcast: [68, 68, 68, 58, 73, 73, 66]
8 players: sent: [634, 593, 677, 642, 607, 621, 663, 607]
8 players: broadcast: [78, 76, 84, 75, 73, 78, 83, 75]
9 players: sent: [733, 812, 741, 765, 741, 781, 765, 717, 709]
9 players: broadcast: [82, 87, 75, 85, 82, 82, 85, 77, 77]
10 players: sent: [479, 489, 453, 426, 399, 444, 444, 354, 426, 444]
10 players: broadcast: [44, 46, 43, 42, 38, 43, 43, 34, 38, 43]
11 players: sent: [985, 955, 1054, 1025, 995, 1055, 1015, 1045, 945, 985, 965]
11 players: broadcast: [89, 84, 91, 91, 89, 88, 90, 93, 85, 89, 84]
12 players: sent: [1061, 1116, 973, 1094, 1127, 1039, 1061, 1105, 929, 1082, 1039, 1083]
12 players: broadcast: [82, 91, 80, 87, 90, 86, 87, 89, 77, 88, 85, 88]
13 players: sent: [1373, 1457, 1421, 1325, 1385, 1445, 1445, 1265, 1445, 1469, 1409, 1361, 1168]
13 players: broadcast: [104, 110, 109, 101, 106, 111, 107, 92, 111, 111, 108, 104, 90]
14 players: sent: [512, 681, 603, 564, 629, 628, 577, 590, 577, 616, 642, 577, 499, 668]
14 players: broadcast: [33, 44, 40, 38, 43, 42, 38, 41, 40, 42, 42, 39, 36, 43]
15 players: sent: [1027, 1139, 1097, 1111, 1237, 1083, 1208, 1181, 1083, 985, 1069, 943, 1083, 1125, 1125]
15 players: broadcast: [67, 73, 70, 72, 76, 66, 77, 76, 67, 63, 68, 62, 71, 73, 73]
16 players: sent: [785, 860, 770, 860, 890, 830, 890, 919, 755, 950, 875, 800, 725, 905, 635, 875]
16 players: broadcast: [46, 52, 45, 51, 53, 50, 53, 55, 45, 55, 52, 49, 44, 53, 37, 52]
17 players: sent: [901, 965, 885, 757, 901, 949, 901, 885, 917, 1013, 1012, 837, 1045, 1045, 901, 853, 949]
17 players: broadcast: [52, 54, 48, 41, 48, 54, 52, 51, 52, 56, 57, 48, 57, 58, 52, 48, 54]
18 players: sent: [1176, 1125, 921, 1142, 1176, 1210, 1125, 904, 1295, 1023, 1210, 1074, 1074, 904, 1142, 1108, 1108, 1226]
18 players: broadcast: [63, 61, 52, 61, 63, 64, 61, 49, 68, 56, 64, 58, 56, 49, 62, 61, 60, 65]
19 players: sent: [993, 903, 1119, 903, 1029, 741, 957, 1011, 1083, 1155, 975, 993, 867, 993, 1065, 1047, 831, 885, 1010]
19 players: broadcast: [51, 48, 56, 44, 53, 38, 50, 52, 54, 56, 51, 52, 44, 50, 55, 53, 45, 47, 52]
20 players: sent: [1639, 1525, 1543, 1468, 1354, 1468, 1506, 1582, 1449, 1563, 1506, 1582, 1164, 1620, 1392, 1449, 1430, 1601, 1373, 1601]
20 players: broadcast: [78, 74, 75, 72, 67, 72, 73, 76, 71, 71, 74, 74, 56, 77, 64, 71, 70, 76, 69, 77]
