2 players. Play move times: [3289888, 2952525, 1461847, 611984, 652210, 3179333, 3188397, 2651324, 411570, 758078, 2788502, 368846, 329874, 5511236, 7202095, 364306, 4503661, 603139, 431006, 3091288, 2668413, 2689002, 401179, 4917995, 765308, 704793, 425746, 410033, 2833887, 2583531, 486390, 4722909, 316369, 854412, 761928, 3112430, 404836, 2060840, 1375093, 4035928, 4219975, 3361523, 1027299, 404549, 351130, 3227697, 5409482, 474097, 4778261, 4656892, 591012, 340461, 5336888, 592232, 4523008, 4423808, 1533678, 347686, 314335, 3078210, 432616, 3201953, 302608, 4440699, 4425625, 412672, 533885, 5142209, 477701, 5060630, 3243950, 2645722, 263189, 3252191]
2 players. Draw move times: [103390872, 684529, 103928403, 521617, 103239806, 444021, 100771054, 625683, 103215418, 926411, 774059, 103394662, 672636, 103350041, 598789, 103370006, 638016, 105602070, 506063, 106859972]
2 players. Shuffle times: [1570446086, 1573013449]
3 players. Play move times: [4503761, 2949217, 3242136, 5550873, 1014647, 3277096, 1372169, 2956614, 2675038, 1150429, 1131177, 3007754, 3696051, 4419347, 3317073, 3178078, 3297046, 5124746, 4778806, 5021967, 2485824, 312761, 662890, 895730, 3047354, 576282, 5799639, 4477936, 2461064, 3181861, 2939244, 3115117, 3144195, 2793291, 533240, 3935953, 4334894, 4125039, 2748039, 776896, 679613, 3414850, 5420170, 5255438, 4949752, 1286882, 3234349, 996235, 2717231, 3153501, 938039, 4615478, 3684113, 5656901, 3133300, 924701, 3149202, 2501716, 3034509, 905080, 3295383, 3206724, 2709583, 692710, 680774, 6482881, 7948492, 5336744, 5296352, 797536, 1522782, 2793111, 4191219, 328268, 2754751, 2552271, 2631797, 4575894]
3 players. Draw move times: []
3 players. Shuffle times: [2371355008, 2346101256, 2278754012]
4 players. Play move times: [3009836, 3682573, 2972568, 2861513, 5976954, 6071398, 5492973, 5634239, 2704454, 2649468, 2767472, 3134528, 2382209, 3111275, 499719, 2897219, 968989, 1050078, 913734, 4473642, 2645940, 2846974, 810951, 3473997, 2834897, 1857480, 763196, 3004728, 3726517, 721273, 1153017, 4465559, 3116477, 5820199, 3091584, 5223656, 3144648, 1981201, 5540265, 5414623, 5706782, 4923799, 3269744, 4944792, 4612419, 3306277, 442354, 5167646, 17342359, 2840660, 3993796, 2656052, 2654487, 835312, 2687651, 2640915, 706652, 2711846, 187033, 2564774, 802833, 2912665, 3838451, 4074699, 3170512, 3061815, 3113268, 3513403, 3123440, 5346744, 2350790, 1107524, 3576972, 1118978, 1077267, 2934589, 2890831, 2903814, 337841, 1063745, 3538052, 2903439, 2881106, 2724334, 2598248, 2704566, 4860215, 5205873, 3343318, 8482932, 346387, 3708096, 6707751, 2639538, 2651101, 5530466, 5739908, 3572027, 4524019, 6041708, 2549915, 3861545, 5554962, 5401203, 4617578, 3053705, 2888569, 4348419, 2965209, 3022766, 1506493, 2609938, 2876962, 19478985, 3289777, 724029, 741757, 2695556, 2637339, 668212, 3051674, 8817166, 325285, 668188, 7979703, 3688985, 4544629, 571125]
4 players. Draw move times: [102048008, 106775580, 6176472, 108580431, 10168596, 102659697, 209027896, 106582957, 108333298, 110215646, 102060940, 211558652, 123002152, 213015670, 112274321, 201446788, 207018002, 108208610, 106573332, 108012656]
4 players. Shuffle times: [2900460033, 3040353178, 3061282301, 2955679932]
5 players. Play move times: [4183909, 5698692, 5066886, 2907336, 5519586, 8686617, 323278, 3246323, 5598998, 3844997, 1185253, 2725587, 3347589, 4725087, 5438072, 5383466, 1394471, 5102899, 5012043, 3549314, 3375117, 3184286, 738968, 886092, 859548, 2809751, 3255700, 11763591, 3193978, 3066137, 2970938, 4560195, 2778171, 1505976, 3197474, 5148752, 5055522, 4890975, 1603796, 3144567, 2604521, 3714260, 5861403, 4979788, 1182593, 1092697, 4305875, 3642881, 3516993, 4595268, 4507746, 244652, 1333842, 1250130, 6349903, 5925193, 6170979, 5917118, 2093753, 4029374, 445029, 5435640, 5017889, 2786469, 4231958, 2684360, 2691060, 2777652, 2109482, 1639097, 2746925, 2921185, 5124283, 5004348, 2514828, 957471, 2982290, 2565531, 130364, 3440774, 4047577, 4960654, 3736116, 2885352, 2926662, 5473054, 6064053, 253910, 2754346, 3408783, 6968793, 2801574, 5028604, 3474859, 2043742, 3639064, 2948676, 2773109, 4415208, 4062708, 1875916, 1264550, 2784041, 2820006, 2963170, 162617, 2618960, 2820373, 5213607, 5056988, 3402160, 4295828, 2884789, 3029484, 359423, 1260295, 4998235, 4815198, 4316782, 3066398, 835550, 4847969, 3884207, 5211460, 2699465, 103057062, 3169327, 3407021, 3270614, 3830068, 3872127, 3019269, 172690, 2661792, 2798600]
5 players. Draw move times: [210291684, 110613143, 209752036, 313513774, 210222325, 212128741, 312135731, 110066836, 210124016, 215040319, 109997760, 209699993, 313295798, 216949996, 313719057]
5 players. Shuffle times: [3505495743, 3547550317, 3505941863, 3610859157, 3566368797]
6 players. Play move times: [3182094, 3090083, 5606527, 5612837, 9677190, 510797, 5087776, 2948764, 2825107, 1329527, 5224986, 5258187, 4893483, 7555451, 4129295, 2651261, 10413441, 3285149, 3463653, 5237384, 4610523, 4931013, 4757433, 1290849, 4499551, 2640224, 7040598, 106602018, 5867720, 4416912, 2554697, 2609895, 1535406, 3279438, 2507634, 4639757, 5423173, 2699801, 4643454, 3292409, 3996045, 184844, 6139852, 5648271, 6087360, 2998431, 5207519, 418569, 4894976, 3016884, 3324310, 4834572, 5192029, 5078218, 4950959, 1051745, 2562995, 1313964, 5051899, 5249466, 5380762, 5265559, 5268181, 2490169, 4511809, 4351572, 2694477, 5212508, 1554770, 2986182, 2710245, 2665223, 2679025, 4917455, 2892990, 2602264, 2680797, 1869709, 1902264, 2657979, 4953272, 4888218, 3723314, 1411826, 3134871, 2993328, 2959724, 2962223, 2940125, 294792, 5249747, 3144277, 2657939, 2725757, 1897502, 1477850, 1632737, 3997423, 4725832, 4100252, 2744065, 2523768, 2235665, 5312063, 5337528, 5271253, 2639064, 4217158, 5132395, 2708134, 2960752, 3165733, 2610622, 4881002, 903967, 1262051, 2607240, 2463040, 2570145, 2605676, 2627603, 2715440, 1250922, 7935689, 5100524, 137804, 3017150, 5539270, 14858350, 5494687, 5105804, 618227, 6881312, 2092074, 3142675, 2788669, 3236911, 5177343, 5457437, 2628542, 2602516, 2617791, 1492661, 1588064, 3262289, 6238527, 5499625, 4723234, 4298596, 2660641, 2179086, 2264998, 2559203, 2672727, 2762389, 5221267, 2738679, 2685049, 2540016, 2779815, 2408068, 2860220, 2634138, 3113170, 5148230, 3295277, 5293805, 298503, 4186299, 5848505, 4145970, 3052214, 5414947, 6317567, 6219407, 3874345, 3050512, 2869400, 5231012, 3195660, 3618737, 4387908, 2868953, 3648341, 5396159, 5363588, 5528388, 1199257, 943821, 4023209, 1438775, 2983989, 4889174, 3222152, 3023431, 2229150, 1381874, 961204, 5155329, 2706013, 3065334, 2820483, 4433652, 4535415, 4583224, 1229656, 2683433, 2649021, 5223782, 331591, 3182637, 2988833, 5742618, 5860337, 3001505, 369812, 3279921, 5134421, 1596403, 3033045, 2908688, 2891789, 3601163, 3021344, 3351719, 5819926, 5306149, 5312557, 5370194, 5268886, 4712930, 2769788, 2737314, 5151468, 5354319, 4563365, 2777462, 4866617, 2678559, 3239274, 5052950, 5163269, 4983280, 1199655, 1338098, 2644243, 2673176, 4016984, 3207645, 5160609, 5514652, 115962]
6 players. Draw move times: [203507726, 318332730, 216508469, 314195907, 216897133, 302879877, 418926330, 218985357, 218439679, 215142842, 205418249, 317680165, 214699863, 212006649, 111900030, 202828488, 415016605, 319639165, 316863032, 214255643, 203781076, 317896754, 218884001, 211868693, 214574617, 303162193, 415899069, 220316330, 315845345, 214997332]
6 players. Shuffle times: [4509341331, 3590298308, 4590950732, 3607071613, 4618429707, 3532829184, 4539322889, 3692927505, 4546439437, 3636533362, 4542395454, 3538387778]
7 players. Play move times: [5945718, 5478220, 5457209, 5305999, 3421308, 2744049, 5397003, 5168947, 4806391, 5164345, 4614827, 8187434, 5490805, 3524585, 5331557, 1563263, 3732343, 5601748, 2797700, 224176, 3831080, 3956625, 246678, 2846985, 2980239, 2744017, 2795284, 2747688, 1184672, 2628630, 4773512, 2644335, 2904843, 2606064, 1082483, 4976084, 3082639, 2648159, 2647721, 4373805, 4488977, 4377394, 4375155, 3157314, 4651487, 3718942, 1018844, 1053479, 2781458, 2619672, 2677225, 2637928, 3346278, 2712237, 1551143, 2594450, 2602467, 3244979, 2976164, 2039069, 5744599, 2584172, 2683322, 2650995, 2690537, 2538175, 5333787, 2932735, 5626024, 5426501, 3091655, 2734832, 2709867, 2672913, 2729716, 2697533, 2207245, 3984195, 2086659, 2686813, 2584196, 3190212, 3936298, 4103055, 2995280, 1966696, 1298597, 2950473, 171476, 3978218, 5147813, 2719348, 3657087, 1293241, 2576612, 3226800, 2559272, 2848712, 1141499, 2575781, 2563366, 2590012, 2607171, 966388, 2724157, 2631991, 3780346, 6072607, 5148470, 2618346, 5403395, 5061666, 7818333, 3939058, 2565760, 2521629, 2682362, 2606353, 1916019, 1994725, 3031832, 5612860, 1171683, 3643017, 5456071, 385470, 1634803, 2097192, 2699833, 2591497, 3964139, 3334012, 6073703, 3073682, 3135822, 6305738, 2762356, 1639316, 1510058, 2756510, 5198488, 5392533, 5168745, 4891471, 3113358, 2631922, 2720363, 3044152, 6206914, 5983273, 3081669, 243947, 5173333, 2668209, 1315544, 4486907, 4915648, 5034220, 5150233, 5035423, 3749940, 1250373, 2729075, 2737693, 3276691, 2631871, 2693648, 1302504, 2724668, 2592813, 2702874, 1259701, 6286766, 5234962, 3163950, 5326829, 3003307, 2666985, 3830898, 5356784, 2405542, 3386378, 5188143, 5218738, 4754134, 4674395, 3039304, 3081563, 103248543, 5312797, 5623328, 239007, 2735334, 2943791, 2563657, 2591848, 6129193, 6263078, 5952683, 6280517, 5979808, 5434149, 2789595, 2744436, 3933595, 2830132, 1282193, 4999576, 4367924, 4750301, 5444938, 5512507, 5184622, 3751244, 3157495, 2576462, 2652894, 276884, 5304826, 2675762, 170297, 5108780, 4519529, 5023345, 4598571, 2725354, 3039812, 5241174, 3021069, 1344649, 2567359, 2652614, 2714592, 4342294, 2598923, 2639777, 2811349, 2715507, 2945444, 848416, 942671, 5380903, 3167363, 2680491, 2872339, 3786402, 3228340, 3039304, 2525126, 2581021, 4282056, 5139195, 2787078, 2851033, 5914195, 4696276, 890372, 417493, 3586192, 3257902, 2560739, 2446245, 912031, 1000742, 6278419, 5802165, 5784248, 2419226, 3459651, 2900370, 2822454, 2840818, 5171747, 4827783, 4710294, 3331250, 3219482, 1881979, 5800363, 4645824, 2921344, 2819312, 2680952, 232703, 5054006, 2917073, 166771, 4503308, 2992357, 2753349, 4902789, 3030804, 2813185, 2996955, 2664563, 2948895, 2694508, 1218892, 5149975, 5014051, 2581807, 2682560, 1076241, 3500468, 3075665, 2655800, 2442612, 2755127, 865255, 824103, 5270192, 5056599, 3212130, 3451012, 2618487, 3040177, 4887892, 4089879, 3105601, 1065658, 3389745, 5035953, 4203198, 261125, 6216462, 2656352, 2646517, 2660753, 3316591, 2681162, 8458500, 5939795, 2955591, 2751526, 2795439, 2812229, 3135616, 1435993, 5425742, 5315139, 5576658, 5517589, 5217814, 4870270, 3778691, 4659697, 1640068, 1554273, 5658676, 196092, 4584659, 4139134, 489719, 1021295, 1416174, 4955794, 5200148, 5175486, 2689229, 2687680, 2700374, 2697245, 2769484, 2647002, 2640089, 5150128, 3599134, 2664602, 2699919, 3135710, 1153052, 5011514, 2694001, 5152245, 4690565, 4064153, 4192716, 4698469, 4416564, 1069591, 2647507, 2638751, 5218054, 6547548, 2695464, 5317267, 3980346, 3423792, 3535879, 221840, 7504949, 2728371, 5037670, 2652002, 4801309, 4399239, 6063619, 5640308, 18158979, 2733638, 2734676, 2673474, 2825386, 2679088, 2589426, 2620363, 5119741, 5552047, 5437937, 5064751, 2687226, 2599787, 104404416, 3031880, 3096263, 227422, 4787941, 2657590, 219835, 2976538, 3397186, 2688920, 2436220, 4927885, 2662108, 2668549, 4764255, 4473169, 2920356, 2609607, 2611669, 3039708, 1924994, 2683654, 2490846, 4413053, 3025615, 2593421, 3037869, 1916035, 3966290, 2669660, 2722202, 2710908, 3481755, 4030408, 1989170, 858551, 4840603, 4957093, 3717268, 2608960, 4562416, 1327865, 4448270, 327565, 3148324, 2906668, 993593, 1043302, 4176575, 4080754]
7 players. Draw move times: [424111436, 319361710, 317101584, 217186246, 315743753, 215011723, 316992571, 323324372, 316440808, 222245494, 319065147, 220932103, 214519480, 219754851, 322334406, 421653171, 315966338, 421156352, 218351061, 322226444, 420081338, 317946337, 317479286, 315717256, 316869539, 414859471, 319950139, 317935113, 315176738, 319098658, 216137893, 316677691, 215439415, 318486164, 418669150, 321110611, 428954727, 215532234, 321541246, 320174822, 219022987, 223240202, 215309054, 216327641, 314893769, 217587847, 214853451, 215097216, 220819978, 214873593, 218305157, 119803166, 325029013, 318264324, 419068458, 419776937, 215591726, 320813170, 419333865, 323142404, 215304512, 317913941, 218753993, 315128501, 218177367, 214375401, 214328031, 315947747, 214654345, 218002063, 221247065, 420220092, 417833124, 320431761, 424487535, 319868046, 319426204, 317183533, 319470961, 317814908, 324983251, 219120079, 315611727, 321762198, 214726200, 215129264, 317718112, 216353723, 217012738, 222393424, 422117490, 417735863, 319541549, 524170867, 216155277, 324507403, 321954947, 319523728, 325803257, 318409693, 316768523, 315997693, 321057403, 314915991, 323963993, 319412489, 318185910, 320052790, 223075351, 420533837, 419154528, 319937768, 427360137, 216365528, 424419187, 423718538, 319282726, 327871906, 319595313, 223567911, 416495214, 318156606, 314991498, 315187868, 316770499, 215753347, 316192232, 219115260, 423564639, 421871849, 319818150, 429014290, 224474901]
7 players. Shuffle times: [4973517359, 4567126328, 4987409260, 4556926695, 4996816122, 4544944705, 4904909352, 4587317918, 4953947592, 4670265829, 4955856219, 4524325632, 4985081023, 4561535003]
8 players. Play move times: [3429076, 2781681, 16149991, 10298256, 7655803, 104554720, 5689363, 5008761, 2710990, 3458742, 4806093, 13845727, 5902573, 6733757, 5022141, 5016463, 6021788, 3796545, 5054148, 2675278, 2576823, 2615576, 2771371, 5042543, 5132479, 5472949, 3203274, 3948542, 4889252, 4911089, 242596, 11667389, 5689140, 3486620, 4564499, 2599160, 2520568, 2537011, 6714977, 4411141, 2822058, 2861451, 2667743, 2637106, 1188443, 2632545, 2650724, 2582075, 2651599, 2493351, 2617746, 1357636, 2581763, 2554547, 2530578, 9684995, 5020470, 4558915, 5027601, 5242259, 3218119, 5238578, 2195495, 149710, 2728694, 6513010, 4985636, 4936632, 9542120, 4390840, 202948, 4945327, 4940981, 6149254, 7491833, 926223, 4177498, 1391903, 3969700, 103408685, 5486987, 6206986, 5448711, 122801713, 5320662, 2599116, 5036270, 10709165, 2637180, 2541038, 2560321, 5473434, 2093914, 1743397, 2979441, 2880901, 2528162, 4589001, 3759375, 2531048, 2582403, 2942250, 1415324, 1885427, 2637236, 4614487, 4640500, 2845291, 172776, 2666949, 1755732, 2668741, 2500333, 2489356, 2680516, 2659125, 3637685, 4380446, 2824939, 2666364, 2723757, 3609219, 2544539, 2594961, 2603176, 4979707, 1553574, 2932970, 3172655, 2661255, 5272067, 5193799, 5115595, 3467069, 3261373, 3472383, 4520024, 5127616, 6227641, 3948513, 102734692, 116846, 2504033, 4402630, 2988314, 2524335, 6467025, 103247781, 205233, 4141106, 4040347, 8560998, 5665107, 8907117, 4985051, 5652291, 6520661, 3897819, 6025940, 3373694, 5311588, 105188434, 5344095, 11969896, 5224373, 3836044, 5196618, 7137014, 4225054, 5015906, 3526852, 3527139, 1467559, 3072546, 4402277, 4008309, 5851791, 4648871, 2827376, 2824672, 103245717, 2556287, 5449965, 5515157, 3977321, 2793105, 259470, 5109337, 4775805, 8359963, 4148018, 4417155, 3279289, 5067156, 2575324, 2670839, 2640754, 1284536, 2722174, 2790097, 4848022, 4636148, 2673508, 2622813, 2606286, 4203431, 3715659, 4448914, 2968025, 2616970, 3350616, 3231273, 7703923, 1290260, 3319539, 2321178, 5049266, 5337896, 4419964, 229908, 102781914, 1101795, 3333810, 2608095, 7042886, 2527118, 1153728, 1656355, 1164142, 6519965, 4707075, 5648887, 4212336, 6543847, 6061599, 5378995, 10191827, 11676435, 5175421, 3088040, 3013022, 2748223, 5250341, 1892987, 3972115, 6464061, 2680678, 2683168, 5448677, 2987443, 3347324, 5120188, 5104469, 6000321, 3092421, 2749203, 1850883, 5217614, 5264827, 5581322, 2637356, 1459556, 5275366, 5036338, 4705735, 5006192, 3651510, 5640214, 4037104, 3187648, 1464486, 2711943, 2648423, 2734152, 2682609, 2773851, 2641238, 2711020, 4952966, 4671615, 3065960, 2637696, 2636618, 4348015, 2214097, 2715124, 5120884, 5386780, 5491343, 3189741, 8321729, 2723694, 2688850, 2703672, 5047592, 4991376, 2559317, 94709, 2543262, 4331430, 5337087, 2628685, 3332022, 2664672, 146589, 3075693, 2667110, 8413061, 1203870, 9094663, 5093873, 5697776, 9131383, 5728112, 4806545, 3088989, 5786189, 5102638, 4087456, 5287522, 3892830, 9782192, 7720160, 4629763, 5174903, 6726822, 5244977, 4653126, 6896634, 5441938, 3987004, 1767673, 2634422, 5154677, 2711990, 2806221, 3648769, 2922829, 4765392, 4835360, 5026801, 4831969, 223634, 5281697, 5054471, 5346655, 1369605, 1482938, 2598336, 3924632, 5121590, 5288075, 105203150, 3998169, 2670879, 1380083, 2956982, 5106209, 5095378, 3243321, 2613142, 2720470, 5332399, 5364307, 102789848, 3860230, 2886386, 3738097, 4029685, 5195398, 4749762, 2977643, 3513923, 1735403, 2609959, 101506, 2617564, 3503855, 6630515, 5130138, 9936607, 5024686, 212090, 5089585, 4661844, 882058, 4999029, 6273773, 4432803, 3879073, 5994510, 2939795, 5921791, 4112305, 5348172, 46678483, 6964700, 2767363, 3282635, 2697854, 2711562, 3236930, 1616651, 2693150, 2796107, 2692261, 3310041, 5075973, 5212889, 5167302, 5172232, 5106232, 5110742, 5105815, 2683004, 2926427, 4711841, 3718985, 1137399, 1646812, 248706, 5017580, 4808996, 4970804, 4009039, 3016820, 102864878, 2664249, 2691375, 5164830, 5109166, 3190067, 3045832, 2589456, 2670925, 975031, 3399420, 2655411, 2592980, 2688125, 4592683, 5450743, 8839492, 1327171, 1379260, 1244655, 105515742, 5803944, 5455093, 5328389, 3542470, 5397713, 2679196, 1162925, 1369973, 3486233, 3465262, 3521661, 4166055, 2295842, 184049, 4504964, 4164959, 7395893, 5771198, 5693663, 1577797, 7550939, 6404370, 6352181, 5528816, 5731331, 5460666, 103053843, 2844229, 5099250, 2608575, 2591366, 5035955, 4993965, 2920154, 3508001, 2598799, 2552607, 3341759, 1385177, 1994468, 2716385, 3253427, 3613823, 2613530, 2594218, 2566793, 2538999, 1339865, 4867381, 5012174, 4841244, 231950, 4848755, 2594847, 2572592, 5429552, 2625646, 5045820, 4151096, 2670167, 2597845, 2647284, 2605990, 1172464, 2641045, 2669016, 2576427, 2519972, 2503021, 2910566, 2523280, 4317264, 3235067, 3379571, 2505844, 2393548, 2499976, 6342636, 5027119, 4405410, 2612440, 1210663, 2659193, 2873463, 195220, 2896317, 3885140, 1328447, 1454962, 3300156, 3757619, 234802, 3415723, 4157053, 3547364, 4345030, 6707216, 4566266, 3629024, 3249379, 2908393, 5942100, 5569715, 5462667, 102999018, 7587093, 3621926, 2676210, 2806106, 3718834, 5919902, 2562193, 1913918, 2586281, 2482838, 4072837, 2639231, 2488579, 2718186, 2746995, 2788959, 5063822, 2023070, 2980112, 2484264, 3609483, 2657331, 2665551, 2652363, 2627267, 3689296, 4043869, 2688260, 3995273, 4170744, 2547373, 2578841, 2599425, 2564226, 2741090, 2563118, 2617690, 2596991, 4126051, 2787976, 1164841, 1308321, 3012276, 3951848, 2911636, 2461860, 2564477, 3729935, 2718360, 2587322, 6506830, 3014159, 2585084, 3185821, 2549218, 2535087, 2487747, 113898, 2526219, 4164047, 4159285, 3866096, 2511560, 2426335, 146579, 3947440, 4029202, 6307871, 4149023, 4850695, 4161136, 6761547]
8 players. Draw move times: [422315835, 441893176, 326245146, 533887995, 327243130, 326879058, 328270904, 319751359, 324701568, 321624840, 334222833, 437197129, 532038272, 448260318, 434405450, 319214081, 422531423, 424126780, 426071491, 424432139, 323742534, 329008793, 325592296, 324635485, 323653518, 322340229, 427099270, 428988863, 527365477, 321396123, 533728874, 332998212, 425389844, 432817251, 423197754, 421978885, 222134081, 428533720, 237098918, 324648414, 328899785, 221680674, 426220942, 429549300, 528217082, 323740661, 527529820, 428056194, 322582198, 424179825, 339562735, 521344603, 222439585, 428162196, 236680272, 324146054, 217624291, 322903243, 321746213, 530731389, 532116852, 319425607, 431931457, 426463189, 421955610, 440592986, 340837925, 424788042, 325653352, 424274092, 324143402, 320658122, 322711685, 323677022, 332462734, 540774122, 534741261, 447287821, 427613445, 437373753, 422244659, 423540186, 431013309, 423856645, 220016525, 323662057, 221455265, 322784965, 325203700, 217982110, 324311946, 429185240, 528786359, 320931104, 526550137, 428525830, 424815221, 423498069, 326424041, 530274386, 324302622, 323689135, 330600367, 224265328, 224164185, 320762544, 429405745, 534587764, 534053359, 325556769, 422652760, 438432764, 331076625, 326947655, 324815600, 522193514, 324176312, 322017912, 336697536, 223231340, 225520801, 322633103, 327993486, 431357734, 434076160, 323876528, 430202180, 331276048]
8 players. Shuffle times: [5908758942, 5121304254, 5893558253, 4998080078, 5898344667, 5159692778, 5912167566, 5172738822, 6048320209, 5038319414, 5921095801, 5086230106, 5923371101, 5141963230, 5940126760, 5081355665]
9 players. Play move times: [6211429, 5397446, 5843839, 28814992, 5345484, 427458, 5746755, 5492704, 25597909, 5870384, 5193494, 40434241, 5083342, 104697356, 6124441, 2183675, 3185194, 5105266, 5189148, 3149587, 2717058, 2795169, 2687848, 2845836, 5007011, 5036930, 1752751, 2709309, 2686696, 5248418, 232090, 2669941, 2917523, 2629961, 6078222, 4694490, 6315908, 109425765, 5840426, 104054270, 4505693, 5274391, 103537866, 8261950, 5987209, 5299340, 2653533, 5005319, 5138707, 4647532, 1934282, 6239100, 4412154, 4263380, 5007607, 4489043, 1510701, 7356380, 5410558, 5238236, 4014269, 1782791, 1878335, 105252537, 2785968, 6162298, 5746188, 5774392, 106532438, 5587876, 214222, 5369195, 5458835, 103193106, 3048947, 4733708, 67943990, 2765341, 3114344, 3685499, 2785954, 2895929, 2850612, 2855170, 3941368, 2649867, 5507296, 5388863, 5223386, 5570896, 8861366, 3683666, 4818490, 2942661, 1625188, 1918395, 2753912, 2597211, 2613453, 2644507, 2632011, 2671310, 109531681, 5247089, 3626304, 105148035, 4855742, 2922558, 8372648, 1667128, 1160884, 6722927, 4212017, 4161966, 6963517, 106167514, 5193394, 4212757, 3694616, 1234623, 2912405, 2972321, 5150103, 2963413, 2937576, 4961945, 2617764, 2605280, 3116352, 2621919, 3183555, 2891072, 6373227, 7471022, 5667222, 100549330, 2936343, 2770336, 5489317, 10959081, 13038720, 102965282, 5064907, 104660554, 4948216, 4119444, 5011572, 4993675, 3779189, 2614115, 2597759, 4864512, 4689262, 4615481, 2769486, 31303390, 8012017, 5390259, 3004094, 2855110, 181069, 2757728, 1705599, 2647690, 2541165, 2514368, 2896517, 4313470, 4554641, 4670483, 4668656, 1468489, 2897871, 4696966, 3267759, 2421274, 5642559, 4209169, 4140366, 4414756, 2834872, 4183559, 3333590, 5097739, 6770808, 2596055, 2524829, 3712884, 1447424, 1391308, 6719469, 5121847, 5059977, 4765540, 2496680, 16581675, 18307229, 6251318, 105489595, 5856176, 289110, 3159141, 2810509, 5652631, 6062109, 5703237, 8179756, 4493028, 8884719, 2986240, 3124471, 4032761, 4474825, 5292432, 6151322, 2752810, 2847775, 2768259, 1839789, 5994863, 6042510, 4326409, 103998038, 2765911, 2804362, 148315, 2631611, 2687901, 4892531, 5334728, 4016071, 6263900, 4405157, 9274813, 3552661, 1738038, 3349384, 1671998, 7006967, 3666338, 5366022, 9137736, 107172480, 5304153, 4382361, 5116032, 106391770, 4546565, 5273046, 5767013, 3227690, 6641326, 1258120, 4510316, 2762149, 6999098, 5344854, 5256166, 3020975, 2670035, 5987003, 5641410, 5173255, 5543282, 8206536, 329313, 5408125, 4977911, 105041079, 13839704, 5107803, 10660608, 5237543, 3913384, 2026690, 2780751, 2788404, 2649319, 2637827, 7639356, 2640036, 5300995, 3396709, 4039930, 5841680, 105429675, 4069229, 5675231, 3306458, 5296327, 612462, 2767273, 2554277, 2188539, 5303818, 5266887, 3648147, 2693327, 2474585, 2878512, 2509935, 3328237, 2653528, 2930707, 5800056, 5285523, 2595668, 5159286, 5102344, 5059938, 5355362, 1717804, 3126665, 5273961, 5125806, 2981693, 7164019, 5842678, 5161971, 5141777, 1279565, 3121512, 3051961, 2646235, 4881840, 5954594, 3168634, 5948702, 5714625, 28913042, 3878776, 4026130, 7531515, 9652232, 5609626, 4703399, 21259785, 4813145, 4346487, 2718952, 3301832, 2051763, 4046902, 2179481, 3250786, 5019321, 2641871, 2587493, 4922718, 12398995, 4624498, 4253171, 1851300, 2847370, 4781359, 236603, 4481702, 2800977, 2893065, 5285232, 4743269, 5730477, 6326758, 8496224, 4625844, 3562146, 5208225, 103130026, 8572914, 3569888, 5779294, 6421539, 4579094, 5723987, 1607779, 5270215, 4532997, 6129367, 2671570, 4909995, 4247590, 5712572, 7055373, 2684954, 4899751, 4061620, 3184243, 3123169, 1357619, 1236456, 3323358, 5734341, 5624601, 5548166, 5524922, 100770696, 5328024, 13780601, 15165456, 5609184, 5393436, 4881832, 6379374, 3209944, 2715864, 5565696, 3093877, 2782586, 2854012, 3059703, 2666976, 4963169, 5366268, 5190613, 5186541, 5291705, 2697589, 4440314, 3520051, 2675414, 163664, 3577535, 2691091, 5068755, 4157258, 102838597, 5662000, 3511823, 3791658, 5665394, 4554292, 3611535, 103071763, 1889704, 3069910, 2984044, 9716736, 4380075, 3191903, 104723017, 4162493, 2706461, 2554482, 1396065, 4835500, 5963756, 3848627, 6221686, 2647286, 3915171, 4945751, 3072177, 3021702, 2971906, 2540995, 6431613, 5847105, 5667259, 6122467, 5960941, 418088, 2457306, 4149124, 5725587, 13943503, 18626945, 5191631, 5288925, 6541928, 103151187, 2747652, 3364277, 2671703, 3627717, 103393895, 2188471, 3372661, 104910683, 4666432, 3585294, 2847651, 2569124, 3181349, 1437195, 3195431, 165544, 3031380, 2948748, 4468024, 2674816, 2760203, 4381973, 2544834, 2470179, 2747286, 2583892, 5331312, 5195526, 2870733, 5122732, 5105227, 5727169, 1190911, 1387498, 7930756, 5614460, 3450337, 3082300, 3804674, 2707173, 1827930, 2617030, 4469237, 2724633, 2562917, 4891751, 2623601, 2566880, 3062932, 2575374, 6196130, 5846220, 5589102, 5346891, 5681018, 417276, 3807586, 5502781, 8791587, 5499289, 5512648, 6779560, 2719022, 2924876, 2680893, 2972356, 4909138, 2655767, 2657628, 1642168, 2689212, 1617264, 1986972, 4997718, 5428662, 4986425, 3472942, 5794927, 4185385, 2753058, 165053, 2739166, 5043077, 3001371, 2656421, 2578710, 1490507, 104947090, 7817970, 105944571, 5061145, 5643065, 3344140, 108350318, 5948248, 3360616, 1330738, 6714397, 5335026, 5079343, 5563667, 3671080, 6141469, 4008868, 4894996, 2818912, 3010131, 7479082, 4455310, 4335436, 3119489, 2956110, 2569230, 5596210, 5122835]
9 players. Draw move times: [335567604, 322342295, 331168754, 528145092, 534726117, 521461601, 537138972, 442519070, 440765744, 829438144, 526941160, 434645080, 634048164, 223549076, 330963859, 322308878, 532302935, 524485010, 522233582, 529879406, 533146384, 432228624, 747240903, 527465181, 526594973, 634010391, 235085892, 221001361, 224577458, 527938340, 425507088, 420337769, 431957708, 425714535, 435951506, 737502816, 426415417, 535275454, 732714955, 323725160, 329453337, 323755677, 526728503, 528349166, 524798383, 532364695, 441225570, 435167852, 739062556, 423420186, 339967031, 635257341, 221340686, 422380518, 230490554, 629083384, 432494765, 420081023, 435405849, 431100711, 442095848, 734077448, 422961394, 334154257, 535021677, 325508878, 321197678, 325757342, 524037218, 534556746, 521267819, 532063216, 443601320, 429637627, 743325000, 539816396, 532866334, 636868453, 221185868, 321973695, 329659769, 526905501, 431446399, 522952017, 538230149, 444015887, 437738138, 733938707, 531648408, 530776124, 635741560, 328017622, 327313286, 230105088, 530814790, 428045042, 522696517, 435737091, 430294067, 523709281, 738654859, 525437267, 525184679, 635716465, 320710701, 326608966, 322776125, 534668117, 431923564, 523353964, 546255829, 445904807, 525583275, 736218121, 530787090, 432052444, 629006946]
9 players. Shuffle times: [11237905983, 11480073832, 11269241288, 11221596991, 11248211913, 11154600159, 11234456798, 11408066263, 11320876621]
10 players. Play move times: [48110154, 6438145, 206011078, 5632735, 18698647, 5637995, 5016499, 5323915, 5405226, 4752377, 3090494, 3007879, 5455735, 5304659, 5129406, 5075921, 4254634, 5738683, 5808030, 105247876, 5342445, 4669124, 2657346, 2618719, 2679624, 153953, 5145775, 12519262, 5546799, 5294677, 2673687, 103696, 2644640, 2576751, 2572045, 2534503, 2031503, 4353864, 3603482, 37020712, 5621071, 5301388, 47609448, 45494549, 8027066, 451249, 7301551, 1036582, 6486120, 5239490, 3214670, 6227129, 5957809, 5674264, 5624588, 5477790, 5519415, 5005729, 4983525, 5081241, 2685559, 3386806, 2628843, 2630192, 5019811, 5198239, 5266098, 103082544, 2604737, 2783687, 3200169, 3060881, 3335343, 4397309, 9655094, 2580184, 231585, 3042778, 1712660, 2871314, 5018845, 5082963, 205692, 4091009, 5042581, 105500574, 4864067, 5349329, 2651274, 2624309, 2009462, 2343585, 2380671, 5240006, 8880489, 107644876, 278030, 5167257, 5967357, 4859333, 7983951, 4445093, 7219880, 5803325, 5606135, 4142966, 5341762, 5764369, 4880412, 4182791, 5427852, 2623363, 5354596, 5162044, 4966329, 5501517, 5477285, 4463830, 2603394, 2625543, 2568076, 3468800, 2465298, 1949925, 11161193, 2604021, 2892183, 161145, 2719570, 28201190, 5072024, 4983301, 8060598, 26377452, 3255557, 2915230, 2882749, 2977854, 4337238, 2684060, 2624951, 5264568, 5343981, 4939376, 18316871, 41227135, 6969428, 271347, 5691005, 6460110, 6877243, 5317534, 6034889, 3248292, 3120876, 2908161, 2816611, 2875845, 2938184, 5237781, 5232668, 5504806, 2025343, 2839250, 5057560, 5144811, 2815631, 2677165, 2696429, 2927556, 2645801, 2586100, 2575391, 2711797, 2599558, 2532489, 1203782, 3917131, 100390622, 11108634, 5314088, 5064088, 2872180, 5173232, 163603, 7449831, 5368476, 5297653, 1656432, 104561507, 5178036, 5750177, 5757453, 5864440, 5554924, 5279592, 5238560, 5278313, 312886, 2732003, 4331039, 7380427, 5268288, 103377270, 29514584, 27188406, 106246284, 5914595, 6128855, 5555691, 4935726, 5375834, 5255247, 2709621, 2646274, 2659333, 1407859, 2346429, 1777222, 2821589, 2545659, 2831180, 3695906, 104696864, 4887387, 5032417, 3217469, 2711620, 3273608, 102082526, 5256217, 5297685, 15807246, 20796848, 102745836, 114805, 2896163, 2634285, 3214333, 3093997, 5377688, 4419279, 5111408, 5183782, 13593332, 16513466, 5622317, 105011960, 107430242, 247890, 5294701, 7086534, 3116594, 1326198, 3289931, 6145385, 5709803, 5975752, 6011988, 6322527, 24676982, 5324785, 4939475, 4694852, 2877392, 5348916, 5197403, 5222506, 5260458, 5403024, 5388135, 7734391, 2877884, 2751750, 3686319, 2664508, 2605578, 2583471, 4754234, 2935628, 246187, 5293685, 5487427, 5434696, 5197646, 4066266, 158447, 2660689, 2418350, 2385226, 3314420, 4349252, 2868661, 1372869, 5268886, 5354080, 38584212, 5086057, 4967351, 8204788, 298146, 5411080, 8054669, 7135802, 3625894, 2584752, 3705052, 3264685, 3545722, 3056468, 5751688, 3227717, 2330779, 5602604, 5527908, 5033454, 5382599, 4830711, 5346335, 5177682, 5100635, 5054625, 5012738, 4341118, 5400529, 2738170, 4342053, 2805091, 4719075, 104595947, 2957962, 281655, 5039487, 5062457, 5172411, 13743818, 2496039, 103393, 2622305, 2581004, 2589475, 3084630, 4160895, 4369651, 5232958, 5262966, 5373697, 5059823, 7530625, 20137804, 4952370, 216610, 5102080, 4659626, 7348869, 5056004, 3052907, 6285433, 5697290, 12205653, 24784893, 15634239, 5758571, 9310777, 5390033, 5183357, 2650930, 3625663, 3444901, 3597716, 4342882, 2642321, 1893756, 2560855, 5324785, 7243520, 3226416, 5024771, 5117275, 2936110, 2753711, 3835566, 1594545, 4955730, 15243093, 9074497, 102723455, 2474740, 117624, 2587500, 2471494, 2490268, 2848947, 2842017, 1372492, 5488597, 11952495, 5379185, 5350549, 5312651, 5909410, 107538042, 409341, 3330198, 106286484, 2136843, 5375506, 5462732, 6201471, 5614204, 2888027, 5420601, 5248388, 5214751, 5234992, 19003352, 8964803, 2681129, 2813090, 3102249, 2934634, 3775847, 5128927, 5110725, 5253087, 4671300, 3617041, 6657462, 2746029, 2679307, 2598778, 3057209, 3957684, 302222, 4022686, 5467712, 5460956, 5018830, 5225040, 191609, 2740539, 2565026, 1430825, 2696877, 4308181, 5537808, 6047761, 5066797, 3700597, 5283479, 8470562, 105269879, 5285677, 2284577, 3049373, 2546046, 8996065, 4274960, 3462996, 4009358, 6865845, 3380266, 6101871, 5847183, 7229942, 5295357, 7163677, 4022013, 5272799, 4130293, 5143471, 4967837, 2676346, 2738086, 2641225, 7335771, 5168549, 5062804, 4971269, 3069160, 2516159, 2487086, 5891228, 2552618, 220092, 4074644, 5359464, 5687894, 5331517, 5244911, 111494373, 1868890, 1937253, 4124252, 3304579, 4455262, 2739727, 5055109, 5220739, 5213054, 5201424, 5079443, 5300700, 1754557, 452563, 5359991, 8229391, 4964922, 6763309, 4470269]
10 players. Draw move times: [327513999, 552562600, 608479399, 761882991, 331732736, 741853062, 607775590, 850579763, 327557382, 645060952, 607505813, 861856344, 333171734, 552919697, 606367357, 763391007, 436263318, 655248831, 607797017, 855055745, 333918548, 655081802, 605593522, 860070913, 428567158, 629265854, 606560979, 858757714, 428490534, 743101722, 605257617, 758587418, 442184354, 737508318, 703661375, 853087862, 330442949, 740015374, 607479962, 850220568]
10 players. Shuffle times: [12836662763, 12739420877, 12682944985, 12820777217, 12734186602, 12730856281, 12694930991, 12665341986, 12951423894, 12729612746]
11 players. Play move times: [6512057, 5989363, 5608528, 438336, 105470438, 6358219, 3208218, 3000626, 3249025, 2908831, 2855344, 3964514, 4986366, 2011559, 2120462, 2087829, 105318223, 246795, 5162321, 2923357, 110043489, 4982105, 4775494, 5038679, 2145327, 5147199, 4972684, 5044784, 2655067, 5140946, 5339840, 5128514, 4771019, 4787731, 3866200, 2651858, 2820187, 3975108, 4872795, 2799685, 4628462, 2854232, 2752157, 3390994, 2541638, 9395264, 5300433, 5309973, 4694975, 2564416, 3096168, 2891452, 2725074, 3793296, 3319418, 2655834, 2689180, 2515582, 2553780, 2513342, 2458772, 2772460, 2733099, 1685519, 105781403, 6114029, 5144509, 5573393, 400210, 11635608, 6887357, 105434936, 4292362, 2976200, 2745994, 2791869, 2756143, 4949023, 5312645, 5473978, 5488136, 5695998, 271311, 5162155, 5492399, 109249914, 2608252, 4435785, 105361429, 102893976, 5191556, 5070518, 5152162, 2673745, 5245802, 5405700, 5147558, 5243915, 3578188, 2763786, 1434028, 6347429, 5328980, 5802780, 5557854, 5453502, 5188813, 2752228, 102704832, 1798501, 5190648, 3700616, 5145064, 4953483, 2661453, 2661187, 3128802, 5317305, 3555140, 4726121, 3037204, 1916547, 1781889, 2738477, 2500500, 3368931, 4148360, 1638734, 2739483, 3722895, 5849428, 5626291, 7127133, 11276767, 5629923, 5883245, 3218874, 4942165, 3526876, 2750772, 5227841, 5114252, 2681609, 4798190, 5221477, 5430674, 3220610, 119529, 24018402, 5041046, 10069957, 4210178, 4929736, 5047115, 5073710, 2579090, 2605453, 2501730, 2723564, 5062255, 3514478, 10946478, 3188470, 2593915, 3573387, 3705844, 2626033, 3364327, 2968967, 1291181, 2588740, 3310242, 3771397, 2620914, 2925811, 3781988, 102811035, 5981323, 2709586, 2968483, 1470842, 1773010, 2393008, 2810213, 2585324, 4821594, 2583307, 2546610, 2508991, 3933183, 2641853, 2522578, 4958040, 2881381, 3967288, 6249825, 2872285, 24857304, 100583504, 5284300, 6087254, 5122509, 2826794, 4572566, 2944216, 3974244, 3656546, 5226361, 5205439, 5337152, 5526334, 105490437, 268094, 3185624, 103712610, 4531844, 4309797, 2679092, 2726536, 2655190, 2738461, 2522716, 2986594, 4650160, 4553414, 124555539, 4992774, 4706986, 3390630, 2693181, 2536983, 4016061, 5232362, 9001396, 2996526, 5055365, 1718649, 3011744, 3997469, 2964319, 2683848, 2748754, 2528077, 1510983, 2655704, 2809442, 2739576, 2613516, 3009364, 5510864, 5134767, 2625208, 2567573, 2577619, 2489511, 2791121, 4512130, 2623279, 2525072, 4458532, 6117592, 5610459, 5452384, 98499333, 5652752, 11007117, 5416035, 3110919, 3422461, 3499780, 2860537, 3172640, 3636360, 5111052, 5245405, 5410688, 102993271, 153863, 3605082, 2629634, 2498557, 5191867, 5301739, 2644468, 5590263, 2639470, 3317751, 2587436, 2834045, 5186222, 114755659, 5270048, 7161480, 4409063, 2614754, 2632687, 5246408, 5232293, 4985728, 5327381, 5361618, 5009354, 5395504, 3188074, 6727310, 2635004, 5208895, 5122719, 2692691, 2605402, 5184611, 3935768, 2682891, 5208857, 2600714, 5808507, 3186515, 3973269, 1707559, 3050209, 4191710, 2639243, 2804739, 105389038, 2707343, 6447066, 23406507, 5656085, 100556437, 5967622, 5425494, 5172210, 2776243, 3345211, 3487924, 4506989, 2695892, 2699082, 105314148, 5199113, 4843489, 5616067, 2297863, 5457935, 105902110, 110546645, 4295386, 5147939, 5174372, 2705873, 2736262, 2648542, 1685450, 4730402, 6395646, 3178338, 4906005, 2718438, 2650737, 3107041, 2965186, 2736410, 1434658, 2152663, 2610280, 2566070, 3829769, 5344045, 2631359, 2598231, 2809594, 1947036, 1201769, 2817253, 2726294, 3521952, 3335550, 2759380, 1524512, 2706150, 2691258, 3028440, 2627240, 2601184, 4036351, 3470301, 2635218, 2536686, 6150372, 5620557, 3204850, 2983460, 5509158, 100583480, 6456235, 5790831, 12103421, 2739456, 4927666, 4468916, 4781288, 5245347, 5310169, 5419414, 5063617, 5339346, 105449145, 251661, 105493493, 3036490, 1445181, 4295453, 2746461, 2634912, 2641455, 3034966, 2535450, 2910889, 2686651, 1295486, 3121445, 5801859, 5020417, 5052546, 3029999, 2964887, 2752310, 3595037, 2943667, 2666444, 2661317, 3094274, 2144285, 2626838, 2652931, 2869975, 2587821, 2630881, 2752562, 2641658, 2829852, 2415463, 2646522, 2625900, 2560284, 5111081, 4317952, 2603183, 4262594, 4475969, 2697911, 3220619, 3129137, 4173931, 4041171, 49513874, 20962884, 5767478, 365612, 5088271, 5205716, 5124509, 2673356, 3546875, 3886851, 3657246, 3839584, 4068445, 5274695, 5057859, 18542493, 4953220, 112396982, 5185388, 5404956, 106106807, 1552385, 3101497, 2689353, 2659187, 2631472, 2543000, 2632175, 5188233, 5165763, 2199828, 5067391, 2841785, 5047712, 3764458, 3423486, 2820025, 3107422, 2562650, 3334489, 105484470, 5087857, 3442390, 3438736, 2546596, 2945895, 3370440, 2914553, 5224548, 103168669, 4874457, 3319064, 3018508, 3720675, 2891292, 2952536, 2495203, 2487663, 2779542, 5034723, 2145030, 4142803, 3543486, 4370378, 5212652, 6313927, 5688860, 15046394, 367166, 3392794, 9056125, 5335310, 5172346, 105529438, 4511609, 5240618, 5222173, 3609294, 5285146, 5263711, 5306582, 8889377, 376539, 5308417, 2997436, 5861678, 2602573, 8030025, 5224849, 2767550, 2054460, 1364892, 2624319, 2643444, 5275657, 5296029, 5140081, 105327301, 5086181, 3629023, 3191488, 1266772, 2756179, 2709866, 3702804, 5046833, 2629530, 2596044, 2838988, 3601236, 3702179, 3254392, 3030332, 2856383, 2712018, 2599029, 2569945, 2509171, 3251840, 1883048, 2927012, 3058720, 2640076, 2603953, 2568074, 2688662, 2562542, 3659325, 4419968, 2038384, 4304348, 5770653, 5282856, 103652652, 5159565, 106110403, 5234641, 3336929, 2703411, 2801392, 3054350, 5374240, 2644511, 5525004, 5153810, 5215665, 105138274, 281156, 5352264, 30561320, 10259349, 10428564, 4847257, 3682891, 5147972, 2683653, 2741993, 2674558, 1794054, 2683636, 5499220, 5393969, 2678763, 2646096, 3502323, 3766140, 5305902, 5237343, 2625830, 2804004, 2565332, 2551964, 3121599, 3413767, 2805472, 3043966, 4482349, 3992839, 2717441, 1323845, 3069262, 3022185, 3053588, 3813164, 2747220, 2689443, 2525268, 2555316, 2724136, 5163549, 3855490, 3945740, 2578997, 2979226, 3658119, 6073551, 5566327, 4496165, 437457, 5364396, 5093672, 2963417, 2556850, 4187334, 2732271, 5222925, 2557580, 3218621, 5268169, 5353331, 11444388, 5139755, 112173857, 5620520, 5187158, 109814995, 4398099, 4785317, 2612753, 2649213, 2619731, 2656576, 2649262, 5181650, 5155440, 2631119, 9272850, 4554264, 102666959, 2475172, 2591060, 5397049, 5286899, 5640737, 5374236, 5295795, 5139023, 3772600, 1583482, 4088337, 102668793, 3217712, 2777870, 3017141, 2709067, 2682697, 2563181, 2468961, 3302342, 3577362, 2601570, 2563606, 2561098, 2511688, 1255634, 3404372, 1872143, 2585636, 2512197, 2794407]
11 players. Draw move times: [1860321960, 535723173, 731716321, 649930343, 655354328, 534488737, 430369422, 436679221, 532471927, 440105570, 12462482368, 2367456030, 536133326, 726956770, 664083642, 656261585, 554212238, 429998780, 434892867, 532111657, 433194878, 12460765329, 750777616, 537523404, 737866982, 640857468, 633442623, 427943885, 336407300, 427455698, 436039605, 428747165, 12454455633, 330590054, 437958548, 740955044, 647138825, 631156156, 533122907, 428798956, 439887786, 534681414, 429230403, 12426338711, 2927534207, 541469262, 629400913, 730038197, 643212118, 529074027, 431172440, 533034405, 529986780, 528923547, 12527874014, 1053429475, 537341970, 730760845, 648731576, 629844293, 533226062, 439453140, 535505044, 438985215, 434339715, 12468947386, 29841324, 440752363, 633007545, 636903484, 630531165, 432770178, 336231077, 434302781, 438640701, 432623644, 12446796370, 3461114511, 430399570, 737350235, 745834622, 630867953, 432394301, 430852511, 435893714, 436589806, 446271219, 12459843369, 1558797626, 433547644, 637828575, 755097610, 742749303, 552305610, 442613430, 434021742, 537620138, 429145311, 12452659250, 559233852, 540634817, 737774172, 654712356, 636538472, 432193988, 340751089, 434966251, 438023359, 435070151, 12416990740, 3560892157, 536556884, 727902145, 640978873, 639123400, 531461317, 429609559, 430331757, 535780840, 427771722, 12473772179]
11 players. Shuffle times: [13855405000, 11726812930, 14120131873, 11715303156, 14045289253, 11618204209, 13812408360, 11785768810, 13952692240, 11594085715, 14232573979, 11831941227, 13941322255, 11603949573, 13790436052, 11715762166, 13781193922, 11504597227, 13843181725, 11781643121, 13989605597, 11637438528]
12 players. Play move times: [6303341, 5924792, 66076206, 496444, 105832042, 5452300, 5728944, 5779846, 105424324, 3094300, 5387661, 4139486, 2669970, 2666621, 5125992, 5470377, 6407777, 2941560, 241230, 3688418, 15978663, 4427657, 7168665, 6000407, 6298792, 5248623, 5288847, 5388993, 5290402, 5235021, 5184260, 5252682, 5167581, 2654060, 4440420, 5406115, 5225274, 5245127, 5351244, 5303739, 2611819, 3486338, 5442282, 5242784, 2911704, 2512692, 3401802, 3310391, 3051434, 2583419, 3815658, 3337305, 2802762, 1910384, 2582047, 2760146, 2568455, 2553842, 3341512, 4640819, 6438818, 3602971, 228638, 5164740, 3262138, 1793562, 3323312, 5164348, 5150905, 5166441, 3766201, 2525506, 2580375, 2564684, 174276, 2619603, 3005759, 2573690, 2588125, 2616564, 2606352, 228880, 2589375, 2591661, 5325536, 3411995, 3494735, 5258238, 4969469, 1646328, 5178160, 4640354, 5197204, 5172381, 3165073, 2968321, 2918033, 3559004, 2638843, 2991186, 2703925, 2744590, 3115311, 4360142, 5165261, 4708684, 5318319, 23662822, 31216330, 6573741, 10802077, 22373259, 5785969, 6532821, 11881391, 2656526, 2693629, 2983035, 2745968, 2709629, 4015909, 4173251, 3075777, 197458, 3010770, 2089141, 2571136, 4953658, 2688821, 2833776, 5103260, 4613167, 3356311, 3433483, 10810919, 4960294, 16382922, 13225343, 2650528, 2504788, 5537317, 5471446, 11569728, 106182366, 5098646, 4631979, 5357368, 5260928, 5112092, 6598175, 5024088, 2602269, 2449741, 2779062, 2664952, 4020612, 4292243, 1779408, 3515912, 3338892, 2559872, 2526695, 5405144, 2898186, 3322686, 2964778, 3420356, 138414, 2592846, 2577682, 2784927, 1636860, 2740899, 2533700, 3298229, 2694813, 3642051, 2897016, 3460262, 254174, 4828073, 4757419, 4763863, 4793978, 4281457, 2617585, 2307176, 3137281, 2572107, 4109192, 5068645, 5016577, 4364973, 7922401, 6689843, 11186176, 4911945, 102810754, 2560416, 2558321, 3581923, 2479027, 2543945, 5513631, 5172566, 5083571, 2583605, 3524529, 4607826, 2036380, 3215993, 5704490, 5474439, 463810, 5264241, 5165355, 5229208, 5195775, 5512637, 5268475, 5507706, 5105561, 5538562, 2577992, 5218115, 4594415, 5194521, 4524063, 295739, 5214090, 5180077, 5249730, 2632174, 2612535, 2599187, 2052948, 4974152, 4936963, 4916646, 10249154, 4875236, 4773564, 2754010, 5094820, 5268944, 2631213, 5177813, 5953914, 5225600, 103159723, 2711022, 4919925, 4754672, 4663692, 2070937, 2134723, 3839855, 2921980, 2953211, 2766202, 4207914, 4575515, 3336919, 3281431, 4136301, 2827402, 2533080, 2524999, 4175585, 2952170, 1527382, 3016864, 141476, 2958577, 2577638, 2770284, 2609015, 2456113, 2912115, 2540315, 2645402, 3262701, 3793946, 2418347, 176478, 1733661, 2626745, 2605601, 5530363, 3705544, 2496764, 270656, 3217333, 2565671, 4276457, 2561745, 1968839, 7094186, 6322745, 13549009, 4900536, 2601836, 2573093, 2558659, 2564063, 2550228, 4388241, 3059016, 2607396, 2688653, 10601348, 3022226, 2745666, 8150683, 4609784, 4579314, 5271933, 2939779, 327504, 5514333, 5572019, 2876420, 2924359, 5953539, 5099419, 5320398, 4000158, 3509295, 3038516, 2432092, 5392080, 5510232, 5354941, 322478, 5652346, 8330310, 3061991, 8343228, 4868645, 3762386, 2854954, 4292779, 4402642, 1850696, 5316719, 4909234, 4807458, 4547789, 5363557, 4830285, 2208608, 5642279, 5560357, 12324958, 2626187, 3092479, 3402179, 5297601, 4658212, 2598977, 3146902, 3229635, 3597658, 3335956, 2715304, 8689722, 5366565, 5282293, 3280759, 2689008, 2898231, 2681144, 3862537, 2551145, 1661581, 3322694, 2712643, 111015, 2498325, 2518983, 2599093, 2501515, 3824037, 2610267, 2503041, 2579953, 3673806, 3470369, 3795480, 2582016, 2639238, 2595339, 2449959, 2662018, 2521353, 2491230, 118277, 2711942, 3268081, 4059282, 3407713, 5163135, 2672033, 4730527, 105199914, 104529047, 5341997, 3107617, 2607334, 5699995, 5730493, 5124988, 2503062, 3332387, 1227508, 2683350, 2604829, 4976717, 5558766, 6096679, 6218381, 6295450, 6317125, 454027, 6789070, 6203248, 6128885, 7235726, 5541572, 5382337, 3095727, 4073322, 103201609, 2622423, 2710225, 16215933, 5246225, 4703436, 319092, 5683305, 10534128, 2826218, 103056991, 2763864, 4496019, 3695888, 3964413, 5189825, 5068796, 5360305, 4664695, 4891957, 102897730, 5344618, 5387391, 5565015, 5455253, 5431221, 105473192, 5242260, 105150467, 4994246, 3159118, 5443268, 3003555, 2469541, 3469561, 3149741, 2906028, 2638278, 2957021, 2472289, 3077027, 2530801, 5459897, 2650786, 2604187, 2635961, 4449229, 3806766, 2938923, 2540164, 107511, 2620211, 2609839, 2533733, 2592654, 2466911, 2464323, 2477129, 2573049, 2678662, 2227819, 2516212, 156800, 5077004, 6449959, 4429975, 5990614, 5510371, 4011575, 419694, 2712011, 2624606, 5429325, 3318950, 3694891, 7368508, 6299995, 5114271, 105505047, 5046669, 4955993, 5099199, 4469679, 3335455, 2532088, 1323651, 1655962, 5534185, 5050429, 2636988, 2761443, 5913109, 2530687, 6364573, 48356563, 106055919, 600853, 105722919, 8030359, 35241925, 6471081, 6448047, 5411884, 11252279, 14924183, 5384789, 5210207, 5147027, 5272783, 5040905, 2734523, 258366, 5188901, 5350085, 2687631, 3850574, 5006380, 5310158, 3341327, 2641363, 2610087, 3251133, 4934474, 18356382, 105826775, 4557759, 2584668, 2599220, 5411370, 5530621, 10874462, 5136480, 2644958, 2633987, 5334869, 1885012, 2287986, 2575513, 2524071, 2891076, 2709957, 2674428, 2667573, 3999110, 3908213, 2663063, 2498749, 2533695, 2632555, 2601320, 2600315, 4412105, 3661423, 3097502, 4324038, 165946, 6283239, 1673978, 3159143, 4034937, 5156980, 5500986, 5208352, 5117039, 5009684, 3457309, 3459361, 163146, 2665679, 2679579, 2616805, 2721383, 3239899, 1881054, 279416, 2618572, 2727643, 4116564, 2793955, 2715467, 5016821, 1568540, 5211076, 108902923, 7873383, 2652233, 2576269, 5288687, 5658854, 4889919, 2546722, 2507147, 4761752, 4995851, 2908718, 4259718, 1589816, 4797009, 5416939, 5283016, 8015572, 372183, 60894576, 107850254, 22482504, 29009536, 58242412, 2804593, 2723078, 2749128, 2662553, 2614418, 2685402, 3081932, 2981718, 3057879, 2647441, 4720573, 5090583, 5267544, 7092053, 3916923, 5466247, 3788884, 2648946, 3311643, 5042418, 5002729, 5236079, 14584954, 3935302, 2684451, 2691201, 4338094, 5576914, 14753145, 5785215, 5623303, 3896622, 4533653, 5403003, 5622580, 5277504, 5116827, 6226235, 5119986, 7290880, 4780979, 1654775, 1593916, 4825600, 5363420, 5230547, 5214555, 2680382, 2592144, 3649482, 3869049, 4958464, 2670198, 148342, 2645792, 2783051, 103645206, 3335866, 1610380, 4049463, 3094864, 2623143, 2600904, 5249652, 2642167, 155525, 4990966, 5065852, 108893486, 5919921, 7542704, 3502420, 285164, 1663310, 2734064, 4480769, 5337310, 2607073, 5841394, 106885552, 8449455, 5350003, 4738476, 4683180, 4903564, 5448870, 5694647, 5633067, 5142586, 5049317, 5107564, 4803979, 4793838, 4203446, 4368935, 2793704, 3177846, 2908779, 2961340, 309145, 2805871, 3578119, 2735950, 2862877, 2773605, 5236444, 113210666, 5365240, 3703223, 5661441, 5722402, 4374526, 3017801, 3072751, 188340, 4284005, 5594416, 4206137, 4904171, 7559052, 2033464, 2743926, 2775098, 2775537, 2608089, 5138045, 19505791, 6145466, 4933678, 5106585, 5023349, 5137962, 5186299, 5336312, 5518594, 5860294, 5080367, 105508628, 5342468, 5183362, 2983491, 2484611, 2582038, 2491376, 5123223, 4069005, 3208699, 5159426, 2604462, 3304524, 2626454, 2686967, 2567072, 2585749, 3319436, 2843856, 3163960, 3517770, 145218, 3014790, 5128683, 3243354, 3396541, 2580714, 3398805, 5046909, 5120844, 5067760, 3812525, 5074198, 333601, 3298191, 4985498, 5810864, 6248974, 5614412, 3939186, 316860, 4153483, 2646519, 103113378, 2377214, 5219074, 7348833, 6264939, 5148601, 9121109, 4190048, 2652577, 2544952, 4938012, 5179711, 5085868, 2674600, 3319481, 3488981, 2845979, 3147546, 2790784, 3240368, 2652740, 5978823, 5761467, 5779780, 403717, 13624221, 9227494, 21675828, 53132217, 106031125, 5157126, 5324489, 5050577, 2727786, 3005618, 4689094, 104575256, 4340963, 2626665, 254123, 5293263, 5415768, 2565893, 3100352, 2604435, 2608318, 2614011, 2615714, 3368410, 2563988, 5140260, 4982606, 104746651, 4480831, 2571761, 2558804, 5553988, 5470543, 5095869, 10426551, 8892480, 2637836, 2634569, 4918279, 4871931, 3067177, 2486654, 2654545, 2613946, 3968073, 2791226, 6442452, 3627246, 2921725, 2685174, 2609223, 4384426, 3078207, 4060828, 2583607, 2840419, 5090892, 4831861, 100286834, 2709450, 3416708, 2692827, 4527086, 2814777, 1904897, 1732202, 1893002, 4295379, 2618605, 2572661, 236829, 4700098, 2594155, 2530598, 2674172, 2585803, 2673067, 124068, 2551328, 1730953, 4560225, 4948836, 2688531, 5203513, 5063220, 5288193, 5220334, 1712579, 2014628, 2857236, 5454520, 5654140, 5595013, 5056774, 5003346, 4975358, 2627714, 2567898, 3664228, 4222244, 2726058, 5705887, 6033792, 6035089, 510181, 9852543, 5138582, 5355699, 6653916, 5396599, 4848882, 5125657, 5443386, 5364027, 102849777, 2640009, 4463475, 4177565, 2336808, 230583, 4987359, 5046469, 5007699, 3914351, 5111988, 5086021, 3392165, 2591667, 2532292, 2517345, 4881511, 6948509, 5544806, 4727770, 2619893, 2558711, 5323046, 5441535, 34575315, 9798274, 5192877, 2982776, 2583304, 2688903, 3339700, 5578153, 5057499, 6642655, 5047134, 7489327, 4629966, 4404351, 5100136, 5002163, 2827792, 104456559, 2608401, 2559832, 3043538, 3319813, 4034813, 6611259, 4885797, 158602, 2608521, 2904226, 3115711, 3535335, 2609156, 2576700, 2535133, 2540632, 1812727, 5375293, 2567912, 138805, 2536325, 2670805, 2484204, 2706368, 2637638, 2473334, 212393, 5025088, 5476597, 2822525, 2697917, 2518947, 4492916, 4263789, 4656563, 4200184, 2551639, 2504392, 2538550, 1122344, 4699654, 1820251, 5511923, 5283169, 5087500, 5068509, 5064441, 3389899, 3087540, 3470699, 26823260, 6868967, 106032284, 675085, 14676139, 5674524, 49507640, 5897148, 5762357, 5521705, 102965639, 2639102, 9554476, 2966560, 5265439, 5736539, 5935160, 3263206, 270392, 5339204, 7633174, 2725010, 2691044, 3276758, 3849100, 3558709, 3066721, 2685139, 2626629, 5302095, 5138630, 105349972, 103068566, 2243768, 2253683, 5642918, 13341654, 5600195, 105920387, 5792775, 5032987, 5663806, 5059281, 4893193, 2720714, 2537635, 2869004, 4154940, 3074522, 2679127, 4004659, 6058286, 2947679, 5405183, 4601764, 2653585, 2612031, 2591256, 3386862, 2504518, 5841994, 5255874, 3529181, 1651924, 5437261, 5085115, 3610788, 3602334, 4816321, 5236713, 5180139, 3027472, 3297859, 5416692, 116247, 2621776, 2935461, 2516736, 1357943, 22674809, 4069682, 381835, 5362460, 5444760, 5517782, 2680073, 4608660, 1783493, 105882191, 5172272, 105425528, 2630032, 3232267, 3571976, 5221636, 4975377, 2995435, 2723023, 2584296, 2571853, 4638121, 5243438, 1188861, 5599720, 3548027, 5902123, 5859497, 9625854, 367179, 5329192, 5189379, 5148432, 5785562, 5479387, 15221929, 7707475, 3765323, 3845041, 5089564, 3695111, 104138785, 2732509, 4145208, 283322, 5386478, 18772181, 3040749, 7137613, 2657999, 8154160, 4932776, 4451131, 2624290, 2507993, 10169449, 5053662, 5244533, 5071668, 5196932, 5490127, 5330307, 2364267, 10179838, 105457072, 5556714, 103882321, 5249328, 5132589, 5337958, 3573981, 3553428, 2572374, 2390596, 3848893, 2551563, 3341109, 3827653, 2584104, 5151826, 5159569, 2609860, 2654845, 2530549, 1624347, 3235920, 6960632, 5407517, 229000, 5249380, 5299239, 4850196, 5910297, 5290609, 5289207, 5306914, 5222714, 2622327, 4099320, 3978497, 232113, 4949284, 5202236, 5257986, 6100606, 5418873, 2748624, 260815, 4527962, 3413579, 2471598, 2555481, 4321887, 3886220, 4382094, 8180082, 4727468, 2880201, 2515714, 2484338, 3371835, 1892562, 2440856, 2816993, 2679295, 2618950, 2915675, 5219394, 4314347, 4137272, 2819737]
12 players. Draw move times: [737382089, 653023736, 546438462, 636413084, 433721775, 535594881, 538932653, 534431070, 632941893, 544191736, 736425946, 605525650, 636591837, 634156510, 541404649, 633173944, 639575933, 542146174, 756924701, 640892429, 639197355, 535059002, 535100901, 432083656, 431861766, 543342204, 537668966, 542885959, 534547862, 742448084, 506184316, 533380943, 631885808, 531041671, 636814780, 640786691, 538605989, 643747525, 736514624, 639939044, 529650780, 640517442, 330919476, 528804290, 542640342, 537874451, 535581741, 541191755, 738332525, 509436523, 530684553, 637455769, 639305062, 642944749, 644531149, 537571526, 649866732, 749826245, 762353356, 639183825, 638730372, 430064568, 537329709, 540422084, 541652286, 638936297, 634936280, 745681897, 602706466, 536982441, 637267179, 541951073, 640505527, 631756618, 535454703, 745475129, 747528697, 738994816, 532365176, 536443009, 439875332, 434255941, 550506523, 552314252, 543183681, 539010976, 737938168, 505904764, 543525684, 543054439, 538667339, 637763175, 647923429, 535835042, 642030045, 737148039, 740253249, 637497135, 641277371, 431099700, 431248746, 545362592, 545569866, 543869773, 539140689, 742942444, 507334379, 531534697, 538665640, 547313404, 638070401, 635243490, 637384842, 749313663, 738231700, 652645579, 537242224, 634385523, 451458911, 458758644, 636286315, 634629593, 549530034, 538916242, 766700278, 506334680, 549639722, 641459245, 537845060, 562062124, 543598858, 542794228, 637654093, 647103686, 635847857, 536765246, 534376237, 437588965, 431789747, 540333685, 540978172, 537934822, 535709000, 664248775, 504895704, 534647028, 541602994, 547546811, 545794935, 535167574, 543968784, 643806553, 738610131, 641080358, 641503775, 532082140, 432143379, 542531341, 534169557, 540614268, 534948666, 535028253, 733366292, 605140366, 536253466, 630506301, 538361053, 562700475, 546226329, 533879502, 734804334, 644116519, 638974636, 641104340, 631449892, 453370340, 459532680, 539221770, 536105943, 652976242, 539584385, 739363047, 605394786, 535613385, 636607430, 547784505, 635564441, 540626545, 535464099, 637325736, 740322641, 640196603, 535815145, 536140630, 436432417, 446844327, 539457794, 535122711, 631924205, 548320147, 737087137, 604677823, 537115157, 542308174, 642184066, 640054907, 646297418, 536353252, 636313889, 738035991, 760557498, 547011148, 538455769, 441015936, 433354747, 538762630, 631440147, 634665386, 547270384, 839487140, 507532967, 643059419, 646689040, 646777658, 636579349, 534517698, 532664464, 642672448]
12 players. Shuffle times: [14719337357, 12892393049, 15165486715, 12919727836, 14850785232, 12686904207, 14633886038, 12976351336, 14862969412, 12893189475, 15090290249, 12992036083, 14900034652, 12820361155, 15319343190, 13064179670, 15179702099, 12873414200, 15202299010, 12985718700, 15116987889, 12900616045, 15215225069, 12829968254]
13 players. Play move times: [23173007, 32827698, 106549212, 5809600, 5600411, 5334758, 62370632, 4223999, 4591343, 4334435, 5769911, 5816210, 5653591, 2634414, 2641204, 226280, 5060777, 2911399, 4180992, 2690241, 2615258, 4602070, 4974353, 2625890, 288940, 3909322, 4630840, 5294230, 2930931, 2610412, 2741534, 2628305, 5390491, 5267764, 5883636, 19133636, 5493655, 105184551, 2698447, 2646400, 2620385, 2600567, 2542509, 2830083, 2870016, 2683641, 4315860, 5206192, 5167228, 5036265, 5318076, 5185238, 5222955, 5198219, 3496511, 1680584, 1873444, 2756711, 2928391, 2635447, 2572870, 2565571, 5052907, 5120735, 5156751, 5223039, 2662307, 3007045, 2768476, 2531620, 2673071, 2556916, 2539067, 3046001, 4252279, 2993761, 2708450, 3457067, 2656190, 3252541, 2693853, 2649127, 2715816, 5202220, 5057112, 2930241, 3068583, 7359112, 5192849, 5598783, 2612831, 2589599, 4955690, 5180320, 5388374, 2806495, 4885035, 3264868, 5122532, 5448363, 5131602, 4703949, 4369692, 1059748, 6164143, 26214380, 6600616, 55156844, 40911487, 5107605, 7795992, 5576218, 4149624, 5825268, 2567915, 2611536, 10571199, 111079343, 585744, 12749175, 12628106, 4238118, 2657870, 2642486, 4112950, 6376910, 4770225, 159260, 5042912, 5219586, 5034065, 5248181, 5120209, 5569184, 5107477, 5061527, 5339885, 5768570, 5438097, 5224844, 5533400, 102846706, 2646250, 2914910, 3146340, 6125332, 5918697, 1983555, 5352946, 5105605, 2705859, 3592801, 4607306, 2963776, 3853818, 4103713, 2977743, 2661294, 4105721, 4097589, 3423597, 2609828, 2573052, 2593614, 2560158, 2615335, 2587519, 2539920, 4782526, 5128878, 5102903, 5164542, 2591999, 6475553, 2569586, 2992567, 5164141, 4476782, 5080433, 4991698, 5142286, 2510343, 4593330, 2677818, 5059340, 5120222, 2784473, 2807150, 2530096, 5059669, 5402796, 5077747, 3133474, 5558201, 5359304, 5771888, 5147919, 4998127, 2624896, 5929426, 3002803, 5235580, 6318417, 4737173, 5335730, 4266795, 973395, 5751242, 5567148, 6116904, 5628768, 5585277, 6457457, 3633138, 5812770, 3717538, 3687372, 5881515, 5303641, 5200513, 4995106, 255506, 4377714, 103813682, 5431127, 2664981, 2591494, 2586405, 2705847, 3881677, 2835153, 2771309, 2542164, 2650431, 2987813, 5003162, 2609916, 2591477, 3034132, 5326711, 5247685, 8572134, 30924563, 5210412, 102699175, 2542213, 2714974, 3311883, 6251388, 2787856, 2615735, 2652890, 2747309, 4837555, 3624520, 5270206, 2627622, 4546295, 3335032, 5128643, 3459601, 5333182, 5153156, 4279560, 2588272, 5065617, 5478514, 3232226, 5206512, 3477179, 2864954, 1906982, 1878307, 2128986, 5384721, 5297936, 2636889, 2597619, 2825216, 2855495, 2625447, 2574308, 2470999, 3261899, 2553952, 4360217, 2352841, 2728014, 2973047, 2622483, 3956314, 4189879, 2947756, 5060750, 20383695, 5347942, 5428581, 5350163, 4659531, 5083079, 3927919, 3098124, 4914871, 2575084, 1302353, 105318710, 5114785, 5131707, 2969596, 973510, 5375969, 5197957, 3102279, 2882144, 2782506, 2909521, 4074249, 105869095, 103329338, 2738540, 2652414, 2596685, 3546586, 4998260, 2404914, 5610151, 3381730, 5114977, 4382252, 2350461, 3880746, 3324497, 2923205, 215588, 102892320, 3451443, 3129554, 4458143, 2650833, 2852611, 4822718, 2695521, 2634664, 5214787, 5139765, 18487041, 105151568, 6138175, 4371806, 5191092, 5133837, 3308926, 3867032, 7525035, 105361088, 3038573, 2631572, 5025507, 4929521, 4993088, 5097083, 5362894, 4853250, 5315911, 105275164, 5049752, 4578398, 3044271, 5094530, 2818940, 3793850, 3170039, 5071405, 5149375, 5220004, 4312810, 4899722, 5123628, 2597658, 2990114, 2548973, 5303976, 4721375, 2569000, 3090404, 5183068, 5115130, 1423952, 2592784, 2648489, 3886426, 2599005, 7884220, 5110698, 5046721, 6757798, 4946904, 4950068, 5063639, 2610567, 3012527, 2645600, 3064616, 3313513, 1818519, 4148026, 5345463, 4129101, 4134678, 4952392, 4257760, 2975839, 994590, 5966465, 5511232, 14468294, 5491388, 47882585, 5465120, 2688658, 5833683, 2715082, 5484307, 4834140, 5173094, 3192404, 2696880, 227267, 3705664, 3314782, 102771992, 2609146, 2555810, 2787282, 5068129, 4294263, 219068, 5236792, 5347191, 6668342, 4797194, 2554509, 3927249, 2275034, 5227749, 8021131, 42242845, 5094505, 68379222, 5097033, 5032969, 2624624, 5501313, 3101961, 2635586, 2635369, 3872211, 2642131, 3066323, 5163034, 2713074, 1764098, 3055957, 4186792, 4745025, 2591653, 5511068, 6743606, 4972297, 5045188, 5113593, 2059993, 3246915, 4964587, 4721458, 5041097, 5153137, 103603746, 5055710, 5148634, 5185986, 5251340, 2695405, 5494792, 4931489, 2570474, 3404323, 2679463, 2799907, 2799262, 2742922, 2843645, 2506328, 2567167, 4336974, 1293844, 2541066, 2471159, 2565990, 4940077, 4917993, 5146562, 1759252, 1625888, 5036531, 102724349, 2544944, 3391081, 4113488, 4172411, 4813066, 2492553, 2139325, 3134359, 2869774, 914610, 8689492, 17433739, 5535389, 5491002, 5472432, 35232008, 4497947, 5466248, 102933362, 5351612, 2743330, 2721197, 5520899, 2517347, 320696, 5317222, 3495327, 3332448, 3697377, 3792125, 2626785, 2550029, 2617575, 203681, 2618375, 2566988, 2711397, 5240970, 5008345, 4964397, 4958439, 5332907, 30881573, 5217742, 5251319, 25332877, 5079680, 3011573, 4123011, 4718513, 4660383, 3438222, 3089527, 2823727, 2644977, 2625134, 2142516, 2621855, 2415080, 2501410, 4117247, 5169123, 105664419, 4783287, 3778818, 4868359, 3510277, 3504492, 4184694, 5425800, 102780852, 2634180, 5509674, 5455405, 5426122, 5370767, 5387678, 8354686, 5344853, 2678647, 3806285, 3072332, 2990116, 2675874, 2700948, 2864836, 3428383, 2494689, 2645137, 4441691, 5252003, 3547385, 2595085, 3038092, 1918022, 2653139, 5387353, 102779767, 2632093, 2601790, 2601971, 4923111, 4871413, 26622870, 4092538, 105282160, 5121229, 4593153, 2697525, 2595233, 2609845, 1723315, 1040908, 35724751, 5589236, 27140730, 5513657, 5747582, 112510732, 7901458, 5486620, 4985191, 5819527, 5051477, 3677924, 5104056, 3057736, 4693536, 4119973, 105613750, 5903705, 5552732, 5627401, 5635428, 5466851, 105614294, 221170, 5414637, 5571991, 5473005, 3436317, 5350547, 5224496, 2653929, 5131826, 5044245, 18124630, 5371442, 5288052, 5611957, 4878601, 2641482, 3346118, 5211475, 2793842, 3438717, 4204721, 2734096, 3385971, 5397444, 3302187, 2995984, 2624482, 3712491, 5158772, 2751680, 3109538, 4271057, 4346060, 5094102, 5137718, 2717920, 2591688, 5101195, 2645473, 2553578, 2584414, 3738742, 5204850, 5236255, 5291038, 2720381, 4226306, 2055567, 2677509, 2661614, 103251985, 3996514, 4270409, 2571894, 3065221, 2480902, 4424587, 3816224, 5614483, 3827834, 2759432, 2609332, 4055807, 5388192, 105226811, 3478064, 2654073, 4452514, 5021376, 5218554, 5307833, 2797274, 3250094, 2814301, 5349897, 2964344, 2615368, 2571653, 2958858, 989271, 18978601, 5865809, 14825828, 22374463, 19193886, 18082929, 5290422, 5490769, 4766777, 4202960, 3219443, 9427065, 3334194, 5490670, 1914048, 6531700, 2716553, 2658777, 2665019, 2614939, 4396770, 2643836, 2608069, 187039, 2546053, 2498541, 2652140, 4471971, 2732431, 2680680, 2663125, 3415391, 1824658, 5417906, 11958660, 25206485, 5425242, 2611306, 2548081, 3523372, 2761914, 3481619, 6596210, 6622606, 105865618, 3882502, 5338573, 5205590, 4710606, 1441756, 4756371, 5182943, 2662109, 6218556, 7428144, 5133562, 5211887, 5197710, 102792278, 2550587, 2621835, 1968752, 2744728, 2658308, 2683038, 2675617, 5362668, 5259912, 2763619, 2725180, 5103936, 5057366, 5341541, 5412075, 3454562, 2580775, 3528963, 2634045, 4686181, 4929785, 2862871, 2094018, 2696095, 3328148, 2598417, 3710795, 4930000, 4825830, 5272789, 2666938, 6359049, 5304889, 5202268, 4573334, 4812589, 4669951, 5128254, 5134617, 4004067, 5321874, 4340420, 5014113, 1379375, 19262542, 5604641, 32634887, 5569265, 34695428, 15447210, 2755316, 5906575, 105592408, 3168441, 105211085, 2561667, 4760871, 2819196, 100534198, 5504109, 103913830, 5284624, 103470819, 5172113, 5267513, 5190591, 5150996, 266396, 5131873, 11918271, 5247106, 5320166, 5226159, 5334803, 5160388, 5397324, 16106653, 5231445, 5249248, 25224017, 105221250, 2987740, 2529265, 2621750, 2539036, 2744931, 3294880, 4675116, 5247881, 4962489, 4840091, 5251517, 5192794, 2646855, 5361223, 5284635, 3059743, 5263874, 4974929, 4162391, 2637511, 1905116, 5252165, 5124891, 3236322, 9202796, 2686769, 3761319, 3286652, 3830632, 3165108, 5313943, 4373257, 2801519, 3867044, 2587793, 2187356, 2633190, 5282273, 5188361, 3348827, 2682059, 105922118, 3941679, 3654422, 4129303, 2661601, 1608642, 2769554, 1658247, 5012709, 102802757, 2679906, 5447989, 5416599, 1985162, 2062242, 2606072, 2866215, 5191299, 4763189, 3187826, 5329684, 4557090, 4308982, 2639569, 1095314, 5974375, 5418689, 5375320, 5320366, 5166132, 5281502, 105020682, 106640656, 103721992, 25269587, 2645627, 2662210, 5323873, 5149527, 1975361, 22860991, 105613683, 4675101, 105362545, 5227481, 5350637, 4331606, 2610417, 301004, 5139685, 3456251, 4777375, 5172358, 3394870, 2617278, 2630142, 5183417, 23828790, 5145137, 18909931, 105775952, 27731129, 3251306, 3449316, 3876972, 2209360, 2739308, 3395502, 5300389, 5380156, 5097794, 2644681, 3874420, 2557706, 2567078, 5235503, 5333963, 2635264, 5285646, 4972955, 5444813, 5252987, 5616212, 5548571, 5814127, 5526226, 5467631, 5444761, 5351797, 5577826, 3491763, 2647279, 1611606, 5496915, 3721559, 2987986, 2942848, 4370366, 2618770, 2749143, 2434386, 2494782, 2705778, 1644593, 5125372, 2779606, 5896400, 7655046, 4826248, 5169522, 6706600, 5151769, 2614045, 4261852, 2633012, 2517283, 3623364, 3059358, 103478843, 2989784, 2025580, 1693019, 4839513, 105253013, 5166837, 5186559, 3234187, 830373, 2947418, 3074600, 2822695, 5634681, 5083555, 2723949, 4774173, 13744150, 105462094, 104077027, 2683583, 2574848, 5252181, 5704460, 1666501, 5911274, 3438030, 3211638, 3694411, 3786380, 2138435, 2633058, 2605301, 193370, 2760441, 2608509, 2660947, 3602187, 2723620, 3001484, 2631136, 5270010, 5191481, 5243831, 81929186, 4928690, 5467470, 2613210, 1878715, 2648974, 2653046, 3066600, 1967313, 5361510, 5345944, 3838236, 5506209, 2573307, 2497069, 2518789, 17850246, 4170174, 2640949, 1784014, 4595302, 5305195, 5171311, 105612525, 3539065, 3823451, 3742113, 5203794, 5345587, 4640697, 105348708, 5341009, 5364019, 5369073, 4289314, 2808488, 3795114, 3009691, 2939952, 2574132, 3659502, 5186836, 5137328, 2561910, 4476845, 2631571, 2580678, 2596677, 2742694, 5216518, 5123565, 2668461, 5211384, 102649951, 2991712, 2661386, 2657892, 4815140, 9467191, 5410509, 3494974, 5130025, 5132300, 6044150, 4862272, 5236036, 10253423, 4993572, 4049735, 7862718, 5686634, 5514062, 47428570, 5994570, 6267692, 2968732, 10444644, 5291682, 3185009, 7060198, 2573757, 2707061, 2631045, 335770, 5567645, 5264960, 5163966, 5411656, 5379078, 5209184, 5234577, 5417741, 302793, 2608729, 2663592, 2213887, 3785252, 5127720, 2843203, 2671420, 2677294, 3346121, 2248845, 5240487, 5359364, 5195886, 4017330, 5543301, 4008402, 5989085, 2655300, 2923059, 3507682, 2774708, 2683381, 2848767, 3010030, 5026990, 5106972, 107992523, 5214591, 5232040, 4443996, 2749079, 3417852, 105429382, 5307771, 5321832, 4911572, 102837968, 2638815, 1746575, 3474916, 5217827, 5192755, 3374088, 2762584, 102845259, 3604360, 2700053, 2613711, 2649520, 2649995, 1313572, 1388320, 2664727, 2569209, 3839115, 3913258, 1650673, 2801860, 4628775, 3603636, 3902418, 2878112, 5788299, 2654638, 3773344, 2628781, 2582489, 2649831, 2615432, 103479258, 2872156, 4001442, 5083673, 7355148, 5218860, 5091770, 5315249, 4719106, 684473, 5363727, 5425333, 5330485, 5078134, 5138476, 5648729, 4048790, 5480789, 38177533, 4073747, 4936598, 3931705, 5446886, 5097765, 1848476, 6767500, 2608777, 2498656, 5140568, 2645310, 2556358, 1963780, 2787048, 188928, 2608481, 2473075, 4862595, 4746680, 2631299, 2681139, 4918336, 5711267, 11903967, 4947724, 58610609, 17060902, 13254850, 10543224, 4082163, 1639956, 2611138, 3336115, 2584647, 2738179, 2644373, 2580032, 4187036, 102687185, 2696653, 2507681, 5425552, 5143053, 2113909, 5296717, 5212796, 5013732, 4149163, 5180454, 5208929, 5210679, 5232118, 5259307, 5443799, 5188216, 2923987, 2559339, 2888552, 2565579, 12404432, 2607812, 4037535, 2942822, 2588552, 2558357, 3099943, 3372200, 2555310, 2461570, 3096495, 4380314, 2557013, 2551797, 2685999, 2567358, 2597902, 3584520, 5041957, 103303461, 2656804, 3700623, 2535895, 4735925, 4665694, 103470033, 4304870, 5059069, 4248639, 105790978, 104317453, 5069812, 7261431, 5052518]
13 players. Draw move times: [653109563, 652055781, 745759028, 845271054, 540709676, 549372531, 654832019, 639171310, 639403140, 438334657, 533980207, 539133043, 645094790, 542122059, 535144537, 543914533, 533518785, 434735316, 535388003, 750665176, 753247655, 742852908, 735410987, 854816966, 759641214, 644680500, 558245138, 836963258, 759588602, 552077879, 551564119, 651834043, 643931623, 744261339, 434045663, 534985266, 542975144, 640178262, 544793170, 534998466, 538047545, 637855186, 441437973, 537229260, 846234740, 736877424, 748876107, 734245984, 855584222, 754523580, 641651188, 556295657, 838636965, 761226942, 455875902, 441101860, 746904097, 644867176, 738596678, 440226406, 538184752, 550271569, 661324426, 531722944, 536598707, 541413742, 642361666, 446626097, 536181723, 756573347, 639121460, 754391140, 735673124, 864828435, 759960359, 639192742, 546610642, 842547620, 750796358, 435650350, 441285047, 735379750, 537870156, 638680817, 432230126, 435358190, 452263774, 571214864, 633870171, 444305118, 433070226, 543056870, 339754945, 533784934, 751816263, 645770238, 847625468, 651651076, 761273967, 746986727, 638737521, 538503949, 843156408, 839962044, 551867604, 439849967, 756843761, 653349028, 769440575, 443743294, 447303984, 540036676, 638552653, 543878522, 534320339, 533712708, 636684581, 440965833, 537209153, 761397185, 642740212, 848429979, 640783283, 859253490, 749532583, 633098109, 652254632, 745924450, 739338454, 546045186, 442265821, 756005556, 657836905, 764207103, 440613731, 541179710, 538406683, 539274785, 635243252, 444202141, 537270999, 541417793, 438895426, 534645853, 744938028, 642390655, 755748504, 662870977, 868418596, 750023807, 640506633, 540844561, 843318334, 840676173, 541651019, 536758207, 643639589, 641171044, 736100108, 535038791, 542940838, 458743343, 669919826, 538166360, 536783396, 535517012, 648335512, 447915155, 548496664, 760216308, 642304519, 753783559, 736717108, 855608313, 745657795, 744099360, 549836013, 743813479, 853259802, 544074119, 543199503, 644118460, 639779961, 739097971, 535742891, 537697930, 451380918, 646827774, 547538662, 538048889, 535456752, 559317490, 450864101, 534764258, 751096804, 645547442, 752361554, 660510995, 870219974, 754204398, 643095208, 645172661, 742222825, 845223388, 451237556, 442646631, 759288640, 656800237, 765992944, 434689250, 541278054, 451538061, 661494925, 542492172, 536713399, 535815726, 559057448, 344443496, 537781260, 767235092, 664546130, 747154969, 734699113, 848427294, 752607148, 645010146, 583768831, 744507725, 845453029, 544136272, 451722118, 740883543, 648950050, 753825061, 439422013, 543507978, 430956206, 633164583, 550770426, 535422250, 535928399, 649105310, 438576482, 549745540, 746678085, 662431124, 742544902, 736278972, 853510690, 757890582, 635024921, 642118433, 743113269, 739347399, 448919535, 551391071, 639056319, 654488103, 752485394, 444573423, 545385281, 538037206, 639854849, 538663172, 539636091, 534432750, 538611058, 441619279, 532685215, 756271346, 640614800, 747606055, 737748261, 860274698, 757634288, 741539024, 645136480, 741797889, 844756298, 446272727, 440204108, 641516449, 539106438, 640393411, 437047725, 534324849, 553768608, 644371522, 540535573, 538741091, 546569443, 639385977, 443288941, 644665894, 741809859, 737601831, 740915043, 637716704, 864520469, 855563206, 740931194, 651154683, 740464756, 737941095, 541488289, 440239882, 759515297, 655943968, 760416040, 451992689, 537117466, 540447175, 536961536, 633715868, 534688907, 543686309, 534952477, 354771948, 533005882, 750700527, 743440746, 750043016, 755061386, 871955720, 756900168]
13 players. Shuffle times: [16815634987, 13556869188, 16614737131, 13599028481, 16631441038, 13648392991, 16882657682, 13559763718, 16916884086, 13396247366, 16883017679, 13608762703, 16782931424, 13601923554, 16754627854, 13681227923, 16646466334, 13508265737, 16581394354, 13409328052, 16671645996, 13522909287, 16867192038, 13593135086, 16818722193, 13479313282]
14 players. Play move times: [6370338, 8466522, 13466635, 106641758, 2816526, 105872778, 5859058, 5540368, 3018378, 102904569, 2732158, 5440173, 2899557, 5459617, 4174484, 5525605, 3130215, 4814570, 2762238, 2679026, 7792514, 5945396, 18394348, 11517549, 5506637, 2658294, 5442383, 6214319, 5324430, 5531665, 5452371, 5167497, 5409248, 206787, 2732342, 2651262, 2655723, 5307489, 5558575, 6222869, 3144789, 2909279, 5763645, 6001768, 4025241, 2632490, 2625316, 2716406, 2938096, 2880462, 2628993, 2650168, 4460050, 4950907, 3530840, 4104954, 5194703, 5664415, 5153836, 4660032, 221831, 6467865, 5200811, 5272162, 1479651, 3571244, 2627274, 5190792, 3457239, 2749153, 2641426, 5491686, 93280328, 30926901, 11881610, 105517400, 4355126, 2903908, 5520623, 2758534, 5748921, 5579714, 9666609, 3846948, 4407276, 5153236, 4998629, 6293259, 5183666, 2641579, 2774155, 5488005, 5949356, 5570336, 4715652, 4593670, 3611093, 5080295, 35340691, 72562057, 4546274, 3260849, 5612194, 5595674, 140368, 2518158, 2615558, 2580076, 2777032, 3073991, 5616763, 5436081, 5245645, 2608700, 6578238, 3971822, 2658121, 2605042, 2646815, 2630593, 2588370, 2613478, 2633062, 3213978, 3190976, 2580750, 1653714, 2251714, 2555612, 2584081, 3004486, 141220, 2604680, 5168393, 5336188, 4523469, 1909060, 1623914, 2614329, 2713971, 2617562, 2652763, 105801825, 18960590, 44722285, 108516010, 9145111, 4826870, 106322989, 5547544, 2819433, 5581751, 2991871, 5718419, 4973076, 2816951, 5408352, 4172493, 4465698, 2378565, 3511035, 3317047, 3949548, 3935961, 5169426, 5331921, 4731442, 2651276, 5443480, 15621360, 5489682, 4995014, 3698310, 5354712, 4374122, 226784, 2664972, 2626225, 2613738, 4536461, 5184585, 5293877, 2646874, 2862581, 105326575, 4953749, 5124920, 2639166, 2658765, 2632476, 4449699, 2601485, 3924246, 5017616, 5308968, 105207524, 5053218, 3463216, 5401051, 5247937, 2661678, 2677774, 304403, 4406043, 2926434, 5300625, 4809098, 2671428, 2613373, 5543418, 5112649, 5013714, 5037667, 5713174, 83300928, 5360024, 105450581, 5215362, 4901978, 105601867, 5215040, 5120360, 4367201, 4022894, 3807860, 4597702, 2638408, 2652842, 5264805, 2676594, 2742036, 5426166, 5412920, 2928732, 5173238, 2891181, 3850909, 3548720, 2616688, 5046990, 107140216, 5087976, 4900432, 4843951, 5257750, 5161218, 5115852, 2967902, 4165086, 2559013, 5540896, 5442293, 5467470, 5493135, 5729590, 5904076, 4951976, 5012012, 2683509, 5010138, 2868776, 5013605, 2591189, 2534618, 2536451, 3699803, 7713062, 5126069, 5048686, 4722139, 4137296, 2627049, 6596669, 175151, 2846517, 4599818, 5170661, 2496820, 2780549, 2364255, 5066591, 4968982, 4173273, 5082167, 6759695, 51662402, 5409462, 105939411, 105579483, 3258061, 9717168, 5762766, 4387230, 102836826, 2692303, 3050350, 3445287, 5796311, 5351249, 4351687, 4886336, 2571860, 2596111, 2598502, 2059374, 10136037, 4881850, 4344956, 102752007, 2954585, 2612028, 5241759, 105794309, 2670508, 2675226, 11265489, 2583480, 97164, 2607808, 2554465, 2564955, 5191022, 5049365, 4859734, 11389639, 5401665, 5012139, 5028975, 3390850, 4915301, 3290248, 4954946, 3232034, 4938272, 5279814, 5105257, 5094457, 2943208, 5438066, 5143628, 5230179, 4088909, 3229822, 4307947, 141290, 5024050, 4806257, 5182550, 5243888, 3013460, 5491232, 5355660, 4629283, 2593765, 2576781, 9757764, 5557188, 5475236, 107765054, 5337780, 2685744, 5406313, 5400035, 2729727, 3786009, 5128811, 8298707, 5527847, 5237195, 3433326, 5089988, 5269212, 6299808, 5822287, 5067376, 5548725, 48994395, 5554112, 5334365, 5730710, 3240617, 2623971, 5465953, 103514889, 4884039, 5154647, 4958952, 2520543, 103024, 2931186, 2551632, 2585732, 5129054, 4991807, 3267873, 4452914, 5621600, 3951550, 4306573, 3365376, 2613221, 2563986, 2583083, 2405606, 2599651, 2549496, 2548507, 3345131, 5188331, 3077758, 2622946, 2592898, 5901826, 2616582, 2416947, 239486, 5075320, 4824543, 5183785, 5060336, 105405274, 4334742, 5020871, 3320531, 1494897, 2651898, 5734615, 5599876, 5454332, 73389576, 5326512, 5366064, 4896426, 5521547, 5007167, 5653366, 3276150, 3148707, 2734957, 2679366, 2694974, 4434743, 1898569, 6246130, 5912125, 5203085, 3479348, 26800787, 5643598, 5354396, 103463331, 5178323, 5229392, 105502633, 4769687, 19348687, 6845972, 4829830, 4163012, 100272752, 2619018, 2648637, 2713590, 2660586, 2620890, 3865891, 5223842, 5257403, 5268623, 4447390, 4512654, 4839116, 2681450, 2641991, 2645287, 4618402, 5137249, 2901024, 2622010, 1667253, 2680849, 4135344, 3098260, 3921975, 2632919, 4773118, 157734, 6715816, 5061144, 5562509, 5764382, 106796873, 5150250, 2591609, 2679452, 2669963, 3124181, 5477475, 5195278, 5360596, 107891291, 3040734, 5550613, 3935224, 25373797, 2995989, 5269201, 10801661, 104948325, 5046113, 3325767, 3097374, 5137835, 2632977, 4910330, 2674070, 2531145, 5194693, 5521640, 5173986, 5477240, 104294032, 3787042, 4963762, 5775581, 7898530, 5100373, 5108729, 3112095, 3592764, 3949313, 2577420, 2587885, 2570243, 5227975, 5391594, 6008331, 3396152, 3095193, 4969762, 105348901, 5197163, 5111369, 4344779, 2546808, 2618790, 2655363, 3443672, 1839845, 4360222, 6263697, 103206120, 2525030, 2543974, 3190624, 4341526, 5444729, 192062, 4129717, 1984433, 104758192, 4835998, 2832960, 3488125, 2532018, 5197376, 2579357, 2587896, 3680279, 5404312, 8967092, 104906604, 5513885, 6008958, 105614646, 5238255, 8300606, 2669117, 2680754, 5232959, 2590572, 3098886, 2594873, 4009666, 2618157, 2572344, 3500113, 6480634, 5342307, 5100136, 5193411, 15095382, 5528860, 3501124, 5072492, 5293697, 5100820, 105383945, 5321982, 5140970, 4834906, 191779, 7902114, 2596886, 2606709, 2584611, 2546351, 3240717, 3631487, 4036825, 2699960, 2598451, 4881345, 103225976, 2688275, 2568119, 2615242, 2558946, 1834837, 2568445, 3162685, 2559141, 5309394, 3466375, 2489043, 2504100, 2652123, 2818326, 100321770, 3561032, 5364508, 5575007, 4032843, 5343018, 4896557, 2541887, 2599386, 2607187, 3065823, 5390087, 94053145, 45649467, 109673855, 5665551, 5252107, 5708135, 103627267, 6448165, 5450456, 12722488, 104976018, 5228846, 2785137, 2760963, 5546344, 6550805, 3031227, 3264563, 3193720, 5289381, 5169883, 2701487, 5985143, 18687857, 4001813, 5144055, 105370354, 5401339, 2654242, 5236521, 5332993, 5163735, 204447, 2883512, 2667919, 2045890, 2637886, 2610927, 3092178, 102846025, 2633273, 2727954, 2837254, 2676391, 2626350, 2609886, 2589554, 2543235, 2287069, 5097673, 3650894, 4953736, 8255354, 5285479, 3013128, 3379970, 5648615, 5050731, 2700352, 1598758, 4987379, 5108344, 5402477, 5719885, 5790514, 5536707, 5181387, 4490761, 2616341, 2618381, 4887552, 5859327, 5485418, 105416339, 104363717, 13643069, 18304780, 5396746, 3919769, 5497187, 105576091, 2706588, 3001435, 102883894, 2612926, 2675508, 3501567, 2826809, 2825488, 2604429, 5407932, 4544136, 5368431, 5220011, 5111597, 4594892, 5062500, 6456545, 14697066, 5145692, 5089986, 6188171, 4339582, 190417, 3317074, 5548362, 5133017, 2782762, 5027712, 4734657, 4748670, 5450736, 5312144, 5365868, 5410105, 5064542, 2638210, 2590416, 2619933, 4573984, 4904897, 2585166, 3761868, 3687594, 2623150, 5072782, 4692292, 4405106, 4226266, 4137828, 318517, 5530239, 103304096, 3748347, 3306151, 4170969, 2747622, 2594057, 5161308, 2672759, 2572275, 5445079, 70591734, 5475981, 105139306, 5592747, 5147108, 5846470, 3917968, 3279198, 5551800, 5567268, 2772740, 10529334, 5117420, 2739195, 5274091, 2823621, 2683990, 5025308, 4295594, 4723758, 6953372, 5352662, 8240764, 9517800, 5285778, 5367923, 105332605, 5128055, 105257009, 5145510, 5240449, 2632240, 100214, 2584018, 2599448, 2591949, 2070289, 2092229, 2645160, 5817996, 4958437, 5067789, 4950493, 4962243, 2652863, 2552702, 2035644, 5230382, 5131363, 2782676, 2613793, 4877691, 2695282, 5061283, 2701001, 2623929, 2617168, 2622827, 3843376, 158552, 3486999, 5141019, 5221891, 5253900, 5253718, 5242060, 2556073, 2118460, 5078960, 103684044, 5771111, 30503673, 83313679, 109139835, 5283185, 2943018, 5644460, 105567489, 3684999, 3871060, 2734005, 2768632, 5367145, 11610532, 11700373, 3446707, 2706796, 4735725, 3228850, 5240762, 5547197, 5314714, 5574599, 5528842, 5657472, 1899281, 4949654, 109127868, 105264576, 107730779, 5538757, 5671721, 5125038, 220513, 5358953, 5224462, 3691252, 5152265, 3437058, 4204394, 3780974, 2785780, 5019724, 4966596, 4972832, 5117050, 2022969, 2601438, 5226155, 3758638, 5177555, 5057184, 2784256, 7475899, 102730552, 2608019, 2653318, 3285155, 2411577, 6466685, 351580, 4793860, 4962293, 4981693, 3744359, 104887792, 3472482, 2985625, 4965713, 5160145, 4747660, 5365939, 5101705, 5466774, 106290954, 5103470, 2666619, 5228830, 5249004, 2712082, 5738809, 5611961, 2791350, 5554609, 5148368, 103133736, 7521170, 2583207, 2625118, 5246380, 3517368, 4207722, 5398413, 5315232, 4390046, 102725255, 5158847, 3213652, 110591863, 105476976, 105050385, 5045458, 5151651, 2593142, 232346, 2847149, 2603152, 4559150, 2550525, 2521346, 2585584, 4033222, 4652316, 2664545, 2604746, 3644225, 3505484, 2708517, 2619958, 2618010, 2567684, 102749629, 2550904, 2619629, 4716472, 5194599, 4247713, 4292045, 3156317, 3537225, 3523462, 234892, 107511887, 3762674, 4101346, 3508524, 3102831, 2917360, 2518936, 2601665, 5131644, 5306150]
14 players. Draw move times: [7278246514, 15555750621, 847732303, 756412486, 858909429, 653444876, 752537912, 755802368, 769796697, 539363272, 647162819, 35720738, 15368261389, 748487475, 664694616, 842945165, 548034813, 741558940, 749113977, 752097774, 442669522, 639543157, 5489163405, 15427798327, 844087030, 757396374, 947375981, 658873746, 747236535, 755866988, 746304530, 451892090, 773605544, 2134505573, 15443547042, 847087240, 749889064, 854453792, 643758318, 749575600, 763685536, 742832218, 544521139, 646177650, 3965927889, 15444111059, 749513376, 749071706, 841451523, 644722487, 751674423, 757504179, 748827671, 562138527, 773165959, 1365480073, 15448506464, 838729004, 744087348, 840668278, 644666680, 764252576, 753178516, 853423202, 545128975, 637892377, 6404838362, 15437324032, 757767196, 664230385, 854608245, 646558603, 748806538, 668159426, 855095490, 550104176, 741686179, 3247372907, 15479748650, 756927209, 668506576, 942588814, 638906915, 756365902, 754127775, 845363952, 544946953, 741920487, 2586554903, 15474283317, 842939143, 750650712, 840161784, 641767353, 840042826, 857640233, 770163578, 544269399, 741127794, 1673117225, 15447892047, 841160906, 644226037, 850746212, 658891682, 760065839, 759275745, 744544825, 564282990, 644427497, 4594761014, 15421840104, 844576374, 748161382, 842266027, 666046082, 746800162, 743476466, 837936949, 545944280, 737940661, 1055370650, 15403279701, 742805379, 742897338, 844527415, 553537567, 842929995, 755014119, 844591627, 544459465, 639793306, 746491629, 15400002126, 841381081, 656201875, 843215705, 655646828, 758921120, 758976281, 749819935, 440009028, 746111196, 428289259, 15483600020, 738238265, 670323942, 844426288, 641762915, 745294983, 762200062, 840611936, 537522436, 734203265]
14 players. Shuffle times: [17675076634, 14691908343, 17945673514, 14809068178, 17439934334, 14754942522, 17306484260, 14795888256, 17495437099, 14889897346, 17893489603, 14684278452, 17749284630, 14461586702, 17813810822, 14720313108, 17768875369, 14817989096, 17927387115, 14793849693, 17525716419, 14658311540, 17758928386, 14850839908, 17595564106, 14835494195, 17743904632, 14902310775]
15 players. Play move times: [38564218, 5928627, 5651574, 5921186, 5360804, 213739, 5334265, 100346639, 223495, 2667281, 2513923, 2726932, 3907175, 4025124, 4535302, 5657221, 5094359, 9443759, 2705526, 5659295, 5947683, 3312499, 4984156, 4965770, 5099166, 6645031, 2685641, 6348227, 3737922, 5961253, 5445003, 5774263, 3450621, 2763560, 2668433, 4541733, 5283410, 2716277, 2673990, 2550731, 3118945, 102692791, 2490285, 3395450, 163754, 5281688, 2848140, 5183718, 5423751, 5504149, 8157520, 4845426, 5417271, 3091031, 5139256, 4725498, 4332071, 7216926, 3981673, 5865589, 4332686, 3000389, 3083858, 3860521, 2254633, 2666980, 2651844, 5256675, 5224947, 5196393, 5128852, 5190864, 6124467, 20026219, 5321394, 5461066, 2668407, 3801620, 2691937, 5170212, 3693988, 2654407, 6780359, 10055058, 2658474, 103189758, 1658439, 12950523, 5530991, 5327399, 2676394, 4368993, 5280763, 5330668, 4396454, 5310627, 5065282, 104801109, 5323592, 5436123, 8899726, 5307490, 2859348, 2534515, 1821143, 2183933, 4866356, 3105755, 3365073, 2763948, 9365043, 105573978, 204014, 5870310, 268642, 376219, 5482411, 3236049, 3597267, 5715265, 5854209, 102879187, 5212410, 5573416, 4010432, 3349473, 2657978, 2860310, 3454682, 2939366, 5040647, 2730772, 6603255, 3154109, 2687353, 3655146, 11940490, 4942477, 6388768, 2620705, 2747840, 7721965, 5181873, 5236821, 5224930, 5087893, 5537092, 5195667, 5131536, 5069539, 2890361, 248922, 2573387, 6124986, 2980098, 104782838, 4619774, 2603996, 2643385, 5343317, 5083516, 4250634, 3883313, 2554680, 2470180, 2993899, 2470280, 2613115, 3097561, 2598794, 4547497, 6965516, 4267521, 2610539, 2590368, 3107063, 5172982, 5065219, 4220526, 6042564, 5455919, 5500932, 5484118, 5371829, 5369967, 5243275, 4710029, 4035916, 5011484, 5089912, 2964862, 2611866, 5089251, 3889343, 5072085, 15555999, 2226746, 5335280, 5096962, 3328326, 2557173, 5622299, 5489673, 5142190, 2778424, 2691064, 2724996, 3653688, 5324232, 5539407, 2612274, 5232446, 5237626, 7433765, 4529298, 5876506, 5593535, 5715317, 8102890, 189761, 3550306, 304796, 199210, 2644064, 2641204, 2699733, 5493112, 4790919, 5758569, 5310846, 4803925, 5567456, 8124514, 4581372, 5164492, 2650736, 2549231, 9238719, 2802057, 6532967, 2665096, 3283868, 3360436, 5353593, 6318397, 25949506, 5929136, 5406932, 5187091, 2610889, 4833681, 4730726, 4428708, 4737622, 5413283, 4757093, 5136054, 2527135, 100537998, 6240279, 5238123, 4935726, 5367456, 3462397, 5323390, 5275175, 3854223, 5375036, 105331676, 3110466, 5062300, 3430838, 6186065, 4480262, 6235907, 4653658, 3421565, 3527037, 3928831, 2583090, 2660592, 2606697, 2540159, 5133662, 3097069, 2700344, 2608169, 4608038, 5064100, 9133741, 2688200, 5137066, 5029385, 4914615, 4898457, 6429325, 5105065, 4585705, 3725234, 2570470, 5179026, 5158689, 102814194, 2627067, 2586306, 3163325, 2517366, 5464541, 4638868, 4847587, 2885270, 2500562, 3678509, 2594357, 2598921, 16726760, 5856030, 2590831, 5148621, 5288467, 5224450, 44803644, 22904630, 35378034, 33879834, 4949825, 316873, 5240851, 315606, 280373, 3946718, 5615290, 2703241, 5596996, 5568115, 103447954, 2996645, 2875903, 2759899, 4166663, 3488258, 2928002, 2579690, 2643299, 5688759, 2660366, 106281431, 2649171, 2723025, 7636643, 5779543, 5617757, 6003300, 5328420, 10212284, 5389299, 5323518, 3616183, 2601686, 3236873, 2567996, 2797235, 2697550, 2549088, 4022557, 100464046, 7918230, 5548194, 5105100, 5442480, 5528274, 5577207, 5231454, 2667747, 4526841, 19024266, 5282301, 110394777, 5077952, 5132321, 4182101, 5375696, 4457942, 1953276, 5232552, 5242719, 5089401, 2788104, 2632901, 4864387, 2750674, 3009982, 3122210, 5649740, 5512392, 5315687, 5543071, 3990916, 2680726, 3236001, 3323056, 102786000, 2613669, 4250296, 4323203, 2687452, 2553093, 2636442, 4880665, 5735659, 5223788, 4455607, 3950400, 5309288, 3877781, 5485422, 5586489, 2669403, 2543608, 2630251, 5494787, 5489592, 5150426, 5269853, 2707631, 3534455, 5201818, 16102154, 6021876, 5666729, 5632565, 6448048, 2619131, 180902, 4483566, 266737, 180109, 2856651, 2578654, 3779247, 3714427, 4157630, 3100503, 4591763, 3551614, 2858300, 5803072, 6054667, 5864257, 5722959, 5935570, 5543743, 5427691, 3063739, 2998650, 2952147, 105953942, 2433115, 14973726, 5754160, 2610566, 5019130, 102951453, 2613949, 2581786, 2610906, 2542851, 2600861, 2588458, 3437339, 102988703, 4208452, 164128, 107107804, 5156286, 4998550, 5004523, 5145209, 2501545, 2596469, 7628057, 105230777, 4982829, 9649204, 5265070, 5169098, 2208537, 2779766, 5194912, 5290681, 3266780, 4724738, 5088436, 5153853, 2664243, 2166182, 2070368, 4892503, 2889702, 2572863, 2656173, 5052930, 5139732, 17740761, 2604916, 2613224, 2653761, 2516673, 2489895, 2471407, 5038512, 2513166, 1812758, 2893938, 3131352, 5741243, 5187713, 4607876, 4952692, 6328999, 4807822, 4602469, 5229197, 5624292, 5445288, 105069543, 2639376, 2578015, 2612545, 5209107, 5417943, 4733008, 5164277, 6159761, 5203923, 6240917, 8783052, 5544717, 5398532, 5405750, 284253, 5456230, 100324702, 2958942, 3497293, 5821572, 5054884, 4518667, 3331847, 2982212, 2671086, 5128490, 2681292, 5577960, 5289963, 4748626, 2894543, 5648149, 5347398, 4750290, 2987171, 2946323, 11748207, 4685278, 4307447, 105574297, 5000713, 102764284, 2668669, 2610467, 4041558, 5199145, 2837232, 2911383, 2506024, 2572742, 4589647, 2876138, 3749391, 212100, 2577749, 2586067, 2638388, 4481691, 5219021, 3192338, 102918001, 1700157, 5094967, 5124690, 5181262, 7169308, 5704716, 3741600, 6421648, 4195553, 3073858, 3067644, 2501485, 3027287, 4271207, 3552425, 5903092, 2688337, 3271745, 2503924, 2533803, 2560476, 2590955, 2600873, 1856697, 102756129, 2582045, 2561086, 4908864, 2437586, 2500053, 4813158, 5102832, 2656276, 2498285, 2574525, 5279600, 15063810, 4512364, 5175431, 5205274, 5166566, 2549324, 5216173, 5218254, 5285122, 2485050, 2725644, 5087511, 5086665, 4083963, 2589385, 2950797, 2339799, 2486737, 2700911, 28948349, 7813483, 8479635, 6636284, 5281030, 194260, 5453642, 273707, 368207, 5470653, 5213225, 3124598, 5692400, 5957576, 105509347, 5752019, 3605718, 5282669, 3056957, 2665109, 102816817, 2555264, 2578517, 5489029, 2676446, 5416959, 3036777, 2700844, 16540825, 4767149, 5602354, 5649316, 5733615, 4118811, 3695506, 2634511, 2727285, 2536009, 2553754, 2537596, 2471432, 2563798, 2479972, 3473074, 251942, 3877072, 2962498, 5173149, 5175749, 5200181, 4660419, 5235430, 3689057, 5301597, 5072954, 5224886, 2218004, 2207177, 5205426, 5110174, 3902809, 3120237, 2673007, 5310863, 4138645, 3856857, 5366579, 5241393, 4912434, 1955341, 1998930, 3246290, 2710335, 3000400, 2783853, 5446634, 2658271, 2606278, 2656080, 3013065, 5192080, 3095667, 5087340, 3104093, 5090231, 102712344, 2553270, 5612300, 5453893, 4118420, 5100223, 5022054, 5263692, 2667363, 3621580, 4520213, 5327140, 4950917, 5315436, 1636062, 1786146, 5305265, 5294142, 2590789, 5181461, 15858266, 5219422, 6267942, 5423038, 5330268, 5364343, 103382598, 3565491, 5163152, 164162, 204421, 2584035, 2577102, 2617026, 5119811, 4835882, 5457316, 4542343, 2974769, 5444835, 5776535, 5391091, 5135000, 2943517, 2621553, 5149711, 7990786, 5227201, 2721543, 4966776, 4958024, 5272827, 105495825, 8652369, 5714509, 2776639, 5378190, 5470957, 5462523, 5559191, 2555553, 5067403, 5205494, 6298859, 105342807, 6008280, 296250, 3194458, 11011622, 4066365, 5428074, 104320286, 2589998, 2549070, 4121720, 4094717, 3856871, 6157207, 2843053, 2376790, 2779710, 3379211, 3106141, 3072984, 2603831, 3858428, 5250660, 3157307, 5161846, 2648478, 2559685, 2994755, 2661289, 2607188, 5982747, 5325553, 5275869, 5255662, 2658902, 4350844, 4226453, 2561602, 6080047, 4362473, 4771709, 5315790, 2795334, 4365036, 4492960, 5258874, 102716671, 2586019, 3671214, 3792701, 4828261, 2011288, 5616432, 5576200, 2554125, 3021725, 2579047, 4951873, 5153672, 5345711, 5276668, 2585528, 4761023, 5264570, 5269437, 6300235, 5778544, 5665891, 5712812, 2683096, 167149, 5336427, 100325830, 174993, 2617357, 2619115, 3194077, 5915109, 5360849, 2766211, 5297423, 5333065, 3629380, 5915668, 3122011, 5440092, 105619399, 5231229, 5404656, 3930694, 3808712, 2001441, 2624235, 2718550, 5742897, 4446552, 105061283, 2626718, 2657283, 2686165, 3375012, 2689496, 2668071, 2609932, 2632472, 2676179, 3135121, 4157021, 3142971, 100389329, 7286981, 5228837, 3813628, 4386211, 4194202, 102797264, 2600808, 4465492, 105371279, 5143518, 13128633, 108967122, 2815243, 107853354, 3800364, 5247209, 3137616, 6161658, 5162893, 5255570, 4389504, 5412182, 5190856, 2749981, 3006406, 2752212, 2657821, 1708490, 1733889, 2032381, 5436647, 5132977, 103520840, 5319234, 4680719, 104485279, 2594952, 2430588, 5128260, 4033479, 5088563, 4393912, 5826967, 12332520, 4589808, 5653075, 4002943, 2714685, 2672726, 5340601, 5235042, 5160422, 5123687, 4956933, 5228711, 5343916, 5175520, 5047559, 103471712, 5107643, 4599777, 5519375, 6371761, 5722284, 5804415, 6238295, 5397635, 204118, 4975148, 100345913, 186877, 2554687, 2547545, 2934397, 3911444, 3774950, 3324790, 3570532, 5404242, 4969085, 5146621, 3890740, 3023513, 4080503, 4940393, 3910014, 2679345, 5981742, 2538548, 2298558, 2594186, 4491584, 5525541, 105063926, 2638204, 4441698, 2743634, 3404049, 4056442, 3494740, 2605257, 3105300, 2712979, 3022811, 3011114, 2512417, 414220, 7139377, 5242511, 3726081, 4764914, 5065021, 3210533, 2594185, 4612252, 2560470, 3810539, 1926756, 5426047, 5331325, 4779763, 5860594, 5902298, 2810637, 2796347, 5394585, 4757102, 2825373, 3214485, 4955001, 3091100, 4073507, 4151438, 2154933, 5101121, 5106894, 5295310, 5312183, 5320283, 4284435, 2477719, 4602004, 2791519, 2624185, 5046978, 1668561, 3361994, 2564110, 2611410, 5016415, 2628378, 2582185, 2569198, 3527449, 2604989, 5106629, 4988877, 5273886, 2582479, 2493078, 2001301, 5190566, 5141776, 5019456, 5095037, 4370891, 3111325, 2514050, 5126306, 5787345, 5425594, 4951186, 3157918, 4659476, 296052, 5439101, 100360741, 206249, 2684830, 2559684, 4377191, 7452380, 5881752, 3194885, 5259554, 4474679, 2723861, 5780695, 6022698, 3082401, 5254150, 3634971, 5803484, 5410152, 6816639, 2623402, 2783702, 3368298, 5330879, 5187099, 5308732, 5141339, 5355581, 5258289, 3083308, 2385650, 5161504, 5081532, 5092622, 5022633, 5306588, 5285844, 5515211, 245147, 3012202, 7212119, 4008204, 3148724, 3272412, 5129633, 5132721, 3409257, 5243238, 5216196, 5303646, 7493103, 9286503, 5952100, 5147555, 6663904, 4539459, 2669325, 5176453, 5172024, 3473226, 5081667, 5135920, 3109719, 2708226, 2649543, 4929923, 4000084, 5337943, 5275929, 5474799, 3765239, 2662548, 3139438, 2618552, 2582093, 2461697, 3436892, 4633343, 2639709, 2615546, 2650255, 5293543, 5329444, 4740048, 2030901, 2263178, 2620236, 2590589, 5333938, 5318030, 3504315, 3311973, 5227492, 5402403, 5157948, 5149579, 102773058, 5112592, 5065108, 5093118, 3793223, 6593248, 20834616, 19008178, 5750335, 5179866, 179958, 4851157, 286120, 336150, 4010247, 14139268, 3478710, 5073268, 4791190, 103660332, 3522501, 4881865, 5499275, 8241736, 5647710, 5351803, 2738881, 2693546, 3382610, 3052554, 5813042, 2682033, 2670669, 3357409, 7805246, 5740376, 104550192, 4243904, 2751415, 5016838, 5204084, 4277112, 3123632, 3075538, 2793632, 5348038, 2545491, 5392802, 103314526, 100493250, 2192212, 5252916, 5212157, 5008857, 14043998, 5353142, 4687155, 3055838, 5191928, 8194284, 5448931, 6362271, 5093046, 6956437, 4355972, 4509485, 2407470, 3860858, 3490103, 4672111, 2010624, 2905686, 2635872, 5004790, 5225938, 3091597, 2612948, 5269066, 4511453, 15827823, 5471529, 4930106, 5701628, 5215007, 4353371, 4623808, 6592976, 3342480, 5007078, 2664250, 2010941, 3810235, 5401171, 5610288, 5554074, 2665958, 3821240, 5127258, 7194456, 5241630, 10016198, 5478675, 4675660, 4865420, 5310741, 17748845, 5140928, 5226931, 1380119, 4798699, 5131743, 102782359, 7217857, 7092026, 5299820, 5405948, 6585934, 313147, 4777499, 9377005, 310498, 4766538, 102996488, 2657060, 5658806, 10093082, 2663189, 2742086, 2694089, 2899069, 4969977, 4562515, 5079940, 3319562, 105398856, 3103950, 3215830, 6239607, 2827934, 3357298, 6011776, 4898952, 119247752, 5821421, 102839139, 5109480, 5036061, 5110038, 5295292, 3179375, 3106562, 2770266, 3325098, 2572652, 2706623, 3515845, 135725, 4865952, 2649856, 3351795, 5263213, 5151826, 3123557, 2883154, 3166393, 5265271, 6298368, 5175827, 2953476, 2418664, 2673910, 2487622, 3372246, 3134323, 3308516, 2959042, 2489742, 4194571, 4645871, 4939435, 2962476, 5156287, 5174307, 2810932, 2960445, 2893736, 2651882, 5183959, 4759269, 2726140, 3832560, 5003624, 2052653, 1923015, 104688031, 105237057, 3247053, 2640611, 2654553, 5228163, 104610211, 2646242, 4120867, 5098122, 5152443, 5304698, 11848973, 3357238, 7992086, 3027003, 2628618, 5175018, 5061892, 5581718, 5524297, 2592525, 5117572, 5219668, 5036918, 3378373, 3096148, 2945396, 5626871, 5380394, 100353896, 7147826, 399844, 190198, 2611911, 2624728, 2635786, 3999788, 5643117, 5240606, 4804021, 5542876, 3392159, 4352742, 5286392, 4845214, 3375538, 5358648, 5199765, 2704916, 2666363, 4019484, 2845901, 3444936, 5066723, 5002348, 5751250, 4900930, 4522757, 3412290, 2653359, 2631792, 2592710, 2605004, 1973172, 2576365, 2631963, 2592470, 2547105, 249344, 6994528, 5020795, 3815712, 5085695, 104460567, 2192604, 2626181, 5055759, 5322593, 108393684, 5060008, 5369950, 4280239, 6253757, 5139606, 3995564, 5189191, 3949352, 104801096, 2664212, 2580550, 5667715, 5245285, 5268623, 5422388, 5354150, 5532191, 5632033, 5227946, 5501770, 5713283, 4843073, 2599220, 2645750, 1591519, 2665072, 2579474, 5108561, 107248210, 104778143, 4053118, 2620738, 3297654, 4835096, 4291240, 2856658, 2789299, 2617456, 2588071, 2037111, 1744508, 2741189, 2624666, 5375969, 5367531, 5141251, 5201224, 5057694, 105228432, 5188794, 28230261, 5030857, 5899965, 12525111, 19241545, 16021986, 4847884, 179971, 5433418, 244634, 274549, 5299430, 102786565, 2692874, 4002127, 5292660, 20236864, 8076359, 5369766, 5334187, 7179035, 2744257, 2645411, 2666400, 3384000, 5507792, 2776713, 105874725, 4922997, 3603011, 105128713, 5417568, 5204252, 23734477, 5138553, 5218498, 5755642, 2881932, 4188733, 4846248, 2657259, 2950953, 2768973, 2883742, 3151939, 2597130, 1646617, 111600736, 3787830, 3991502, 5250120, 3023601, 11583227, 2736035, 3307870, 3169725, 2612421, 12047415, 6178235, 5410597, 6842210, 5174948, 2076525, 105907448, 2671432, 4155583, 2771728, 3911539, 2290979, 2667316, 2589372, 3982487, 4565924, 2767880, 6080262, 5387539, 29031862, 5003927, 4726406, 102671737, 3676695, 2732490, 2683248, 2634364, 8560831, 4922956, 3375461, 2669288, 5138471, 5164998, 5074649, 5640378, 4748367, 2710981, 3712232, 105420626, 5518665, 5382775, 2618023, 2601741, 4953863, 5136123, 5033087, 1978823, 12896009, 3109054, 3804000, 5283817, 5103595]
15 players. Draw move times: [840390201, 1170247798, 850733575, 770478467, 850308452, 961207732, 868272433, 756665768, 1068529814, 744891384, 648888251, 765401726, 950525181, 840392463, 764386940, 1183071630, 870485234, 661558894, 847624690, 957071179, 945527596, 847411771, 1166819191, 763854383, 750954994, 849807339, 1053456964, 942404476, 759826350, 1087979671, 861374433, 764919757, 860379149, 961900315, 857489174, 843976747, 1185585255, 859191045, 769259544, 854717176, 970263489, 863641246, 762030851, 1184349662, 853731122, 765869778, 847145239, 971061019, 879353318, 761415009, 1070238783, 749096449, 649837604, 858453459, 962910611, 946750147, 761636779, 1169439041, 763919289, 674593760, 869000550, 953625669, 951224482, 759575346, 1089532727, 854613021, 661966245, 747171069, 1052857328, 939843045, 855824341, 1177666797, 847929942, 745463691, 841603521, 962227872, 860742872, 761342501, 1180007207, 865222513, 764847392, 849391799, 961607448, 875165938, 756978794, 1173025479, 872874253, 670089469, 847216726, 952794972, 844007720, 758876999, 1101355978, 761566316, 771372834, 870731001, 990116340, 864673911, 761905877, 1168527471, 751398225, 657825925, 851099781, 951196294, 943616959]
15 players. Shuffle times: [18999885481, 15499615277, 18983581414, 16083415886, 18915181273, 15933975859, 18971050791, 15992591473, 19134819983, 15904902209, 18718309156, 16023436249, 18990725240, 16038767816, 19116425703, 16007304366, 19117263973, 16091389652, 18835573291, 16035114177, 18774482005, 16084854368, 18896799730, 15914935983, 19004013776, 16109340600, 18900179518, 15778031104, 18675767335, 15997631542]
