2 players. Play move times: [2819633, 672252, 4416821, 832706, 3256784, 2931465, 529416, 3208910, 428177, 3195529, 2801519, 377470, 380723, 3394218, 3061579, 6574803, 3522590, 2672328, 431182, 4479399, 4302060, 3359169, 2761886, 515940, 3105044, 1348356, 805379, 3095797, 1360554, 3102714, 385636, 334100, 3156694, 2693255, 395264, 378578, 501858, 648009, 752347, 369487, 632565, 625881]
2 players. Draw move times: [103730719, 930338, 105227085, 896322, 103626366, 1103482, 105094653, 878734, 103568223, 709376]
2 players. Shuffle times: [1541508010, 1553813551]
3 players. Play move times: [2669185, 3201072, 5529138, 5412695, 5500446, 845470, 5496191, 4714012, 840421, 4642937, 3215235, 2861344, 771894, 2907188, 2711250, 5258181, 3787208, 4072009, 4896189, 874826, 4836414, 4816182, 4974005, 4736591, 1201940, 3062297, 2576511, 3408918, 4353688, 1894698, 420955, 5732530, 819642, 2833735, 417330, 3176820, 2646909, 2927867, 5229182, 5210406, 5162687, 926744, 5193599, 4914969, 5276357, 5121564, 4907076, 4208493, 4199173, 4092886, 752018, 3264674, 2739787, 2807055, 3920438, 718823, 601135, 5081978, 4399651, 4696827, 4658154, 4377219, 805491, 2850763, 4474026, 696489, 5661047, 2953615, 5208872, 6049713, 3328990, 2854680, 2990380, 2162023, 3860604, 5240328, 4839709, 946661, 3101226, 582916, 625209, 1948701, 3569188, 842859, 931974, 5489950, 2896487, 2802563, 1588484, 2839145, 2910219, 2971501, 1107381, 1237282, 3280446, 631947, 713210, 4024806, 944845, 4251867, 362286, 964669, 5717215, 708374, 5073151]
3 players. Draw move times: [206479432, 3643306, 206482165, 105964404, 104017657, 107468132, 104797437, 109621106, 103990144, 6075651, 206256274, 4256986, 105098475, 104011311, 104302623, 104533998, 105501784, 105783436]
3 players. Shuffle times: [2377085512, 2359711028, 2357207483]
4 players. Play move times: [3149061, 2988816, 3373952, 5387505, 3289425, 2858949, 3044433, 2106603, 2101151, 3198166, 5663794, 4984928, 2821716, 2792804, 3138925, 2356284, 2962910, 3472473, 2773505, 2925188, 1227527, 5545227, 2914192, 2873628, 1068078, 2900894, 2647854, 1111571, 2810500, 497999, 6937187, 3220000, 5839926, 5896906, 1483449, 2748081, 4403461, 5338572, 662187, 5599160, 2989305, 2917809, 1637348, 1227139, 2974554, 3997511, 4591695, 3757110, 2970097, 2810568, 5448371, 5376804, 5413490, 2916895, 2725653, 2980351, 2622301, 5630046, 5449742, 5650039, 3274694, 4713624, 3553570, 3836569, 4612856, 5501709, 5630688, 4171540, 338955, 4578896, 2979002, 2689418, 3702981, 2870322, 2801060, 4653467, 1766991, 1082911, 1911256, 1256536, 2859176, 2343725, 2297919, 1962713, 5885815, 2488926, 2087555, 3098667, 3804510, 3957225, 3288472, 1900474, 4475738, 5636601, 3750857, 3094853, 2821133, 5467724, 537922, 102939682, 1033696, 1608905, 2725254, 2816504, 1227124, 3077543, 5251578, 4922749, 4822442, 4929843, 3139407, 7943061, 5303610, 5309648, 2563400, 3965480, 4170313, 3706234, 1108903, 4556270]
4 players. Draw move times: [209002450, 108310211, 209748463, 111501588, 310369233, 214307683, 316601819, 208818949, 107043123, 209389783, 110006182, 207935735, 213321078, 211999856, 106914158, 7111379, 111156887, 10344315, 223175882, 110451817, 213334436, 211640373, 108181595, 106493032, 108017650, 307116644, 214639852, 210985758]
4 players. Shuffle times: [2896349112, 2895693218, 2799859323, 2836927931]
5 players. Play move times: [3335723, 5808261, 3189584, 5644855, 7138098, 3240637, 2684653, 6706350, 2578899, 288503, 5377258, 5248861, 1563959, 3509368, 5328474, 5421360, 2789495, 2606945, 895034, 842709, 4890356, 2646307, 818924, 9611420, 5280268, 3364800, 3237123, 2698179, 2735451, 2634376, 1045449, 3198109, 3291798, 3381823, 4576565, 6655412, 2931004, 4831326, 10458747, 5607623, 5478187, 437046, 5672423, 5705177, 3326074, 5625342, 2828650, 2898390, 3021680, 3698914, 3803210, 3241689, 2888044, 2964447, 403308, 4897991, 3325633, 5122068, 3495634, 2991236, 787754, 764680, 2738757, 2604433, 4934123, 5602358, 5500830, 5341828, 3432978, 3242215, 2830825, 3079668, 2834915, 383218, 2139080, 5715997, 3030463, 2850204, 3463632, 2158068, 3039894, 2706758, 2832003, 2903346, 1995462, 8652368, 268418, 3919875, 3898502, 914229, 2680719, 2752112, 3526922, 2630715, 2587481, 2672779, 8872158, 3066916, 7659887, 6307695, 6646557, 2964075, 5791297, 3722707, 2948626, 1777558, 5499183, 4999844, 5058429, 4601422, 3800637, 2826196, 4996819, 5075387, 3179049, 3251404, 3774014, 4450684, 260699, 786839, 930199, 3856876, 5317275, 5179174, 3899481, 2460661, 2431098, 667632, 5260791, 5604794, 4266109, 3826819, 2774036, 1846009, 3863751, 2964866, 4348270, 236523, 3395960, 4239730, 5894137, 7872077, 4855260, 2838869, 1524931, 1261533, 3962997, 2878384, 2840379, 2106990, 252643, 7195370, 3383035, 3905555, 1005407, 1067702, 3205648, 3955032, 4021969, 2950488]
5 players. Draw move times: [115198714, 109670108, 109033361, 218560963, 109001149]
5 players. Shuffle times: [3655793063, 3095294558, 3569691427, 2920027985, 3526610322, 3008959484, 3484864614, 2985616235, 3561977305, 2910843607]
6 players. Play move times: [3147441, 3118692, 4477279, 3166414, 5577512, 2911734, 1947031, 4419534, 4868586, 2884037, 2596042, 3040919, 2627763, 1307742, 5081005, 3813257, 3814931, 3759688, 5998827, 5625442, 8344340, 3263843, 2498194, 4379154, 3863576, 3744583, 945103, 942907, 952721, 2608546, 2577140, 5368115, 2935913, 2905104, 956335, 4184014, 3718643, 4500103, 2827267, 2721993, 2625090, 3730155, 3629204, 1187218, 4744226, 2650947, 2895883, 2769098, 2668300, 4747881, 6746851, 5569871, 4741314, 5234710, 2227201, 3385421, 4816373, 5163092, 8067229, 3786770, 2845507, 2777119, 3873430, 4609232, 2702667, 2556891, 2723032, 2841716, 2636829, 2637181, 987880, 2970379, 4864068, 5065428, 4859417, 257121, 4387025, 4753772, 4438076, 2592333, 2970947, 2456012, 4241819, 4692021, 3341892, 1185954, 4147366, 2887101, 4164334, 4040365, 2505968, 2513860, 2421419, 1021618, 2633891, 2655032, 3004626, 2414255, 6125412, 5727222, 9575442, 3057610, 2894738, 3030073, 2809946, 1185607, 1742014, 102879746, 3295249, 5289986, 5152422, 5015309, 2407031, 3799836, 3138928, 3479370, 5052058, 4155735, 1241493, 2715491, 2470580, 4919559, 3142273, 2467610, 124695, 3469733, 4932641, 2358724, 6816811, 2828406, 2404554, 3932690, 3438362, 1182987, 3822624, 3808199, 4262695, 3302443, 3112290, 2514014, 2547260, 2725156, 2714801, 2555046, 2591496, 4277567, 2640129, 3140064, 2968922, 6131919, 6608883, 5838935, 3102067, 104555295, 6955011, 5306611, 2774707, 2801028, 4185574, 4119926, 5138114, 5883743, 3664395, 2989010, 2789942, 1164338, 1723897, 3031309, 2813904, 3031145, 4582286, 1383770, 1453280, 259159, 5339762, 5472416, 5006572, 2669593, 2766512, 2453891, 4203250, 3440118, 3576469, 2561244, 4204787, 4426031, 1667386, 3331498, 732001, 1048933, 2786837, 4850104, 2577195, 2751773, 2875223, 2527042, 3074927, 4399321, 2986972, 2847647, 5385977, 2902511, 3923760, 7003252, 5183012, 105361658, 5054712, 5265008, 5109778, 5145406, 5398712, 4638729, 2591100, 1022165, 2920660, 2622470, 3238608, 2887377, 4235648, 1879753, 2910971, 3747026, 183058, 2442758, 2499476, 2507299, 2640014, 2969683, 2489136, 1183734, 3696643, 3585443, 4224979, 4111985, 862639, 2677367, 1090245, 2996303, 2517821, 2424150, 4736244, 2734763, 3041849, 1034400, 968316, 10720707, 4895469, 3015214, 5581137, 5584790, 4913195, 4361322, 5735800, 5035890, 103704249, 5264451, 1116935, 873897, 4383454, 5497645, 1289640, 1669987, 3090031, 3837409, 2766094, 3107413, 4192120, 1965982, 4962363, 3824284, 3699640, 167261, 2488962, 2528718, 2443525, 2544179, 2253616, 2475787, 3160510, 4169451, 4057048, 4000619, 1079741, 3472336, 2960711, 2618780, 3687388, 3586602, 4193854, 2723693, 812936, 1062264, 2683741, 3390158]
6 players. Draw move times: [219616739, 216378550, 319044384, 314507534, 316499438, 215954736, 325338457, 319693631, 312477835, 312227810, 212563069, 216142244, 318825907, 312065694, 312100968, 213868167, 218838599, 220856841, 313563369, 316573196, 111589691, 212024506, 322298610, 212149647, 214241736, 212922728, 219882917, 319518584, 314997243, 313757417]
6 players. Shuffle times: [4135922906, 4029276556, 4131405690, 3951766854, 4114997144, 3954478995, 4160604634, 3966664491, 4119260844, 3997704906, 4166434507, 3834015241]
7 players. Play move times: [5788196, 2876155, 2824507, 5465419, 411745, 10152195, 3848032, 104738132, 3500367, 6430429, 6425360, 5181873, 2597445, 7557384, 6241258, 6844031, 3130193, 2468424, 3009328, 2561637, 2938544, 5041602, 4679539, 105993541, 5697965, 100458408, 1466653, 2914839, 2702815, 2652491, 2861289, 2644060, 1122116, 2465290, 4793869, 5301252, 2993693, 2722479, 4828536, 5193074, 4961920, 4724287, 2576402, 2781818, 2517083, 4399556, 2670791, 887726, 2860914, 2509231, 2479820, 4233653, 3680605, 1047011, 2929312, 2531081, 2576534, 1036843, 2654576, 5083295, 5397604, 4809655, 4074959, 103893607, 3182183, 2914124, 3013772, 3895075, 629955, 15940125, 103125015, 2448807, 5545701, 8570857, 5645998, 3833425, 5485801, 6628798, 5369601, 5221619, 2708623, 4644244, 105676650, 3219493, 1785054, 1344829, 5377556, 5393838, 5464965, 324508, 2702893, 1140718, 2815464, 5305614, 5433450, 5458628, 2715469, 132116, 1310913, 1573305, 3396541, 2752454, 2706838, 3176513, 2853006, 2734634, 2721582, 3426553, 2663170, 4058594, 2788733, 4506853, 2243391, 2340382, 3054168, 1106426, 1087993, 2824929, 2635043, 2854464, 5187784, 2687551, 2715470, 5586586, 105081029, 4124424, 910047, 4912979, 4296450, 5385722, 4982751, 6646621, 3577482, 3796792, 4171396, 2851003, 2651163, 5675705, 5178706, 6336567, 3597404, 5370903, 2634696, 2648093, 4478878, 3861560, 1480516, 2283133, 2570970, 2879054, 4702388, 4695737, 104719531, 233627, 4737656, 4783016, 2591686, 2553256, 2563607, 1402754, 2631873, 127871, 2708299, 2607358, 2605544, 2904492, 2611162, 3002389, 2470360, 1505847, 2747912, 2710246, 2651637, 2909401, 1121104, 3411966, 3298442, 3333298, 102966794, 2728055, 2525358, 4207022, 4203418, 2818941, 2669378, 2545403, 1785653, 3800832, 4770406, 2697165, 2817318, 4512148, 6054588, 5600370, 3412694, 5760427, 216402, 2721408, 2710137, 2675781, 2862571, 6382344, 3042356, 5070562, 5326810, 5379980, 5758449, 4286050, 5192492, 1380335, 5113823, 2820187, 2811136, 2594888, 5491421, 105470117, 5389027, 14077278, 2628837, 3060130, 4295173, 1304967, 1235946, 5165959, 2791494, 237945, 5187023, 5143350, 3588497, 4962052, 2551098, 2992552, 1493828, 4841676, 4475845, 4890373, 2733416, 1100195, 2823285, 2532825, 3023681, 2449329, 5018869, 5220964, 5603605, 3365606, 1452324, 1287683, 2959246, 5100252, 2721005, 4139019, 4736778, 2804232, 3550376, 3471995, 8538628, 3270421, 4718862, 6247972, 514355, 7873194, 105499627, 5101245, 1718165, 5323059, 7345752, 6831973, 14844461, 5879753, 2810040, 1287063, 3943236, 4248602, 3361074, 2514315, 2564039, 4633027, 1716286, 5054089, 5229754, 271176, 5115136, 4819483, 4892502, 3229385, 4350403, 2749992, 2710101, 182339, 2780304, 3378418, 2790456, 1100390, 4520480, 5257377, 5046898, 5110622, 2678151, 2797926, 5208160, 2644319, 3448608, 3826842, 3509795, 3544741, 1448348, 3047405, 2702481, 4878715, 4741659, 2674780, 1843470, 3387263, 2789911, 4263790, 4746552, 1257364, 2803991, 5025284, 5864973, 5446447, 5473561, 6164532, 435070, 3188341, 2740626, 2902413, 2995964, 2740071, 3869942, 2662954, 5269224, 5195609, 6202226, 14735769, 1574638, 5382907, 2593141, 5173051, 2543715, 4309532, 3455593, 4927726, 1635248, 349069, 3084504, 2614728, 2721606, 2620486, 2550691, 2569734, 2616165, 136226, 2716363, 2923348, 2680981, 2608180, 3704006, 2095272, 2668507, 2684096, 2969134, 4918422, 2640871, 4192171, 4518923, 4374692, 3651803, 3529505, 3544573, 3192300, 3002397, 5192635, 5110686, 3611606, 2537754, 4924053, 4296382, 876377, 2760712, 4062844, 3667546, 1964265, 6499238, 4961881, 3902632, 5590853, 427853, 5109585, 3874404, 2808021, 4767748, 1780683, 5971216, 4787417, 8968209, 5582034, 3111713, 6418917, 4963315, 2658742, 5238809, 5032908, 2491342, 2552271, 4914558, 4021170, 5338731, 240400, 5041888, 5181949, 1907125, 4940424, 2706504, 2686110, 4791493, 233186, 4922028, 5107573, 5109020, 3138728, 2713722, 4525782, 5069424, 2676681, 2606232, 2779094, 1284344, 2756750, 2479325, 2559813, 4097731, 2946561, 3908601, 2884858, 2634162, 2860175, 3137639, 2606509, 2530738, 2578682, 2562357, 5158255, 1709189, 4020548, 11944736, 5191237]
7 players. Draw move times: [304241920, 423250807, 421110184, 419771260, 318744242, 317292204, 325070929, 216010191, 216260359, 215739401, 203360160, 321675896, 317474978, 417926802, 318738329, 220495567, 221381782, 114238709, 124851316, 218126640, 301966091, 422719434, 421523100, 522352228, 420864121, 314967678, 218502751, 215882710, 216893187, 219893318, 304258558, 425739969, 423643785, 420014012, 318972791, 224634368, 215470460, 218800335, 216750142, 317387784, 203367093, 421906514, 427933256, 419192751, 429361654, 316334612, 227112803, 216746009, 221827497, 214886224, 303938956, 424636913, 423193936, 522426622, 417240565, 315665531, 323780257, 122690159, 123491343, 222384971, 305620505, 423145888, 418499538, 418103705, 321570712, 323972173, 218323571, 217390748, 226799560, 217638300]
7 players. Shuffle times: [5404355335, 4252961719, 5439079267, 4196985975, 5547653342, 4231298017, 5494417234, 4193417681, 5397512349, 4187756920, 5475894246, 4188395020, 5576307239, 4238817338]
8 players. Play move times: [4360311, 5557046, 5909173, 5452187, 5428017, 5242862, 5314518, 5494540, 3651366, 2619821, 5150153, 4534685, 5146798, 5176176, 102959048, 5698365, 5111071, 5100093, 5103985, 3275098, 1297929, 5103514, 12835074, 112183489, 4964211, 5144833, 105076981, 189615, 3781674, 1812775, 3118773, 2885969, 2920722, 5004400, 5158903, 1346031, 1472339, 6479001, 4880798, 2570423, 6510701, 5047867, 4084292, 3576857, 105350559, 799870, 3023918, 2553883, 7614711, 5492101, 6064094, 9753914, 5540613, 5816751, 5954039, 5484908, 5082076, 104509708, 5587357, 4961525, 5199474, 8757877, 5318779, 5211460, 2887661, 4092888, 5101440, 5404514, 5167199, 5380230, 5052764, 5316889, 5275033, 4856740, 2400960, 260296, 3410533, 3049759, 2598761, 2624818, 3707297, 3017768, 4177694, 2816765, 3522503, 7610623, 3924936, 109952327, 4898302, 2619003, 941087, 3795567, 102818399, 6679042, 4978481, 5123218, 16817125, 6162277, 5577764, 2880198, 6033547, 14797051, 5704945, 5372620, 8428237, 5803986, 5308349, 8471042, 4975521, 5303206, 5617084, 10249774, 5323688, 2885609, 2785265, 5299921, 5345596, 13755072, 5726586, 13025027, 8438039, 2752180, 2556844, 373461, 5364293, 2516354, 3434189, 1533170, 1354160, 2632890, 2542717, 3638973, 2667360, 914167, 1005239, 2834117, 2715300, 4570607, 5157093, 7359550, 4802959, 4719961, 5218478, 5105113, 3569894, 16503114, 5699685, 5765953, 5698261, 5579199, 3166687, 5398305, 3547252, 3530928, 5846382, 5502914, 5224148, 4799555, 103348224, 5191935, 1823166, 1947786, 3169967, 3858417, 5043297, 6003227, 105452372, 5026571, 3974413, 14012597, 2721451, 332242, 4079580, 6736594, 10355669, 5094189, 4383294, 5261548, 4577801, 4538275, 4926240, 4610249, 6038261, 1165616, 3034292, 2843206, 4033450, 4614597, 4599115, 4832479, 5784871, 7383950, 3308852, 2801838, 6081605, 5615031, 8849935, 9571962, 13107734, 5882209, 5086237, 2737077, 5264187, 4906575, 5315663, 5457286, 5478275, 6145859, 2622560, 2639610, 5204697, 4944449, 4945898, 4762488, 18434635, 4832831, 4975043, 5149575, 2707911, 263660, 3020492, 2701787, 6060667, 2594270, 2655082, 2620024, 2843708, 7622799, 2570374, 4148711, 4970135, 5643226, 2944103, 6613628, 5030747, 1242871, 104029312, 5343786, 2795676, 2544540, 6253403, 6189894, 4118852, 7837399, 108143726, 5782494, 5909246, 3397692, 2819709, 2651134, 2690921, 2731800, 11795027, 5034528, 4741363, 8042627, 3726239, 2575361, 1446895, 3761507, 4784946, 6960423, 105101585, 4677279, 5054118, 2707897, 2535632, 521864, 5209880, 5826874, 9326497, 5139482, 4926054, 4072942, 5184682, 4128299, 4877620, 5283821, 6782307, 7238496, 1391925, 1275245, 2624877, 4343320, 4310268, 8419234, 3565681, 2541944, 6052956, 2883451, 3430528, 5360801, 5434109, 5431787, 4446410, 3383776, 2767193, 8587401, 7072017, 5214169, 5472987, 2854123, 2606704, 3840462, 4947449, 2663704, 3873800, 3794686, 4824491, 4964480, 8283131, 5446762, 4330424, 5244093, 2833446, 166650, 2853252, 3806633, 1623472, 2606011, 2599804, 5181644, 5386534, 2951403, 2630958, 7010324, 2794501, 108241918, 106829796, 4165473, 4085052, 6355957, 105265810, 4009270, 1634727, 817121, 5882348, 5400904, 4853348, 5493395, 5468584, 5478420, 5560385, 4575503, 4221392, 5489822, 6389184, 6911992, 5223314, 2335308, 6550381, 5362530, 2758627, 2605591, 2598159, 3475243, 4981500, 4841856, 4783594, 5028512, 4909275, 4020347, 2620143, 2466191, 1596863, 4886898, 6335412, 5179171, 2678970, 2605008, 2566498, 4862647, 3913460, 4218460, 6875125, 6414292, 2689877, 3698203, 6089454, 7867192, 2177901, 6697016, 102733834, 2549058]
8 players. Draw move times: [519580473, 425099130, 324490203, 427985748, 424596436, 418649727, 639032685, 422700998, 320267133, 424278098, 425789601, 518042845, 523614681, 420854730, 320366340, 422153448, 426179994, 419174816, 624157414, 423064939, 230246506, 421257179, 536553005, 428806221, 625671320, 520526956, 317410088, 523019487, 526563402, 425150525, 622247570, 423085762, 227266840, 421752197, 433999900, 429105119, 525748206, 425250626, 218570440, 421362622, 429114567, 520129138, 627738744, 525230667, 320511073, 423035594, 535376262, 427304002]
8 players. Shuffle times: [5662296214, 4850556169, 5678786964, 4892361305, 5741871793, 4833659490, 5639702134, 4749601489, 5579418084, 4759550351, 5719570598, 4855026758, 5668866246, 4892500772, 5567250757, 4754161944]
9 players. Play move times: [5852179, 5489304, 5334730, 4965477, 18499787, 5484556, 15292864, 6283563, 5342083, 5597063, 2671330, 2659890, 3186008, 6407018, 4766101, 1669729, 1168497, 2659849, 2680715, 4182275, 5191252, 2943572, 5113244, 176679, 2955153, 2633288, 2672159, 1429329, 1452124, 3523032, 2620481, 2531049, 1372148, 1745995, 5152012, 104700407, 12258250, 108163572, 106062146, 5539639, 5167334, 8164909, 10775486, 1110821, 6628648, 6433741, 3237816, 10053807, 5711366, 7359657, 5340545, 5318839, 38638951, 5211227, 5133214, 3984126, 2655730, 2308870, 5675721, 3938181, 2863195, 3094771, 3616415, 2569884, 4156866, 4042821, 4966084, 2884263, 108163, 2523757, 2535719, 4131253, 4159766, 240455, 3039288, 6095816, 3431094, 103981082, 5422106, 5474355, 3404361, 8982110, 9206463, 5025629, 5153693, 5003798, 13452551, 4706764, 10030729, 6353942, 5979011, 2907879, 5444896, 5314494, 6540833, 4763270, 4872312, 7720889, 5467400, 6713465, 5377013, 4938840, 4217552, 5606809, 4170333, 4145216, 3520188, 1473617, 1750302, 4186731, 4423234, 2736645, 2749983, 188361, 5094732, 3487495, 4541399, 4836820, 181686, 1421826, 1419282, 6039223, 105248879, 4645132, 7118704, 5201878, 6285771, 8817177, 5186970, 6582431, 5140893, 8563533, 1379831, 6933126, 7316478, 12805955, 8343054, 5455184, 5875721, 3817392, 105892098, 5573789, 5032369, 27242221, 5572618, 5223722, 4891723, 2688540, 7820555, 3473851, 5249099, 5213878, 4773557, 2638577, 3284679, 5028299, 2837915, 2731510, 201896, 3433914, 2712060, 2651434, 5196115, 132914, 2607409, 2618305, 1591798, 105742457, 5175409, 4933322, 4435960, 8074867, 108620692, 106632296, 5220974, 5180508, 6924871, 7691930, 8003596, 7236329, 6177484, 8129316, 4809640, 5646456, 5606232, 4906551, 7106446, 15050320, 106085105, 5276319, 5625595, 5639707, 2665497, 6144126, 3728274, 5367997, 5348137, 4776045, 3220326, 3371618, 3153979, 2611985, 2578708, 156212, 4211837, 3885140, 5183453, 2859561, 126811, 2612073, 2989555, 2748197, 4351802, 3296054, 5301747, 4948726, 7199338, 109498252, 1984676, 1581490, 4581925, 107226212, 7788809, 8568473, 107406256, 5950413, 5541788, 6600595, 5613037, 5453364, 4713001, 5118712, 25795578, 4766715, 6887227, 11093695, 13319382, 3337712, 2656639, 2891331, 2630043, 2620057, 3436652, 2823917, 2559974, 5065372, 2666126, 2519189, 257800, 5129277, 3785255, 2715934, 4065511, 225982, 3442177, 2819601, 4935254, 103126401, 4097671, 4560232, 5086005, 10814680, 8758559, 5222148, 5108409, 4885587, 1512769, 6179634, 4955005, 6265141, 3729352, 5783319, 5886461, 5609070, 6789328, 13555197, 20101052, 10567260, 5336061, 6592548, 5240440, 5401961, 5016687, 4541597, 2595051, 2584703, 4201820, 5070352, 5188133, 4640157, 3542893, 5269610, 2787667, 188751, 2578558, 2497780, 1463593, 3226050, 177262, 2861108, 4720148, 2634523, 3113155, 2798216, 3018364, 8170865, 7617699, 8999484, 7601557, 5024769, 5152782, 4577969, 106518196, 10090525, 1280726, 6878031, 6475458, 6231845, 3711312, 4033600, 12902837, 21801974, 6522694, 5740456, 8163701, 4661201, 102885574, 2578665, 1947741, 2709065, 2585621, 2509708, 2798984, 2810880, 2622460, 5148260, 5145448, 2825981, 1398538, 1390618, 1315529, 3143618, 2668239, 113938, 5047528, 3481508, 2662403, 2627715, 2493691, 5280737, 4349970, 1496027, 108693672, 5749322, 5984150, 4665935, 6161112, 10915349, 8631791, 7404123, 5908642, 5816397, 5720826, 6210597, 4796589, 5135319, 5664085, 5869402, 7895189, 4936548, 5209610, 5289585, 105647625, 4809144, 4569418, 2613237, 2557744, 2739786, 2603024, 4181777, 3953798, 2937538, 2310157, 159860, 2558783, 2847603, 5137101, 3151766, 233803, 103127697, 4321597, 2832592, 3823960, 5416158, 5135815, 105297066, 7310067, 1411648, 6003491, 4514931, 5154831, 7832003, 5074685, 8653560, 8018520]
9 players. Draw move times: [422223057, 547667586, 334877303, 446457760, 742240739, 333255105, 532946808, 540312158, 234878601, 530898490, 547038899, 425065827, 535865534, 643801694, 338289773, 421779583, 639528861, 332305721, 434318435, 646422424, 331212398, 427042876, 645256319, 331722980, 443880454, 547130238, 336794937]
9 players. Shuffle times: [11390339990, 11173723581, 11308745038, 11262624777, 11202688735, 11384702478, 11273692045, 11287626056, 11211941733]
10 players. Play move times: [6597991, 5940448, 19026521, 6004844, 5422646, 14738852, 5253489, 105245221, 4948136, 6208488, 4664438, 2754531, 5328777, 3168975, 5281993, 2531429, 2668881, 3006884, 2629730, 2561416, 5044867, 4915269, 3634059, 5341154, 5036252, 3759065, 4796698, 5011808, 5076922, 4934102, 4944742, 5119912, 5332043, 5088012, 3260400, 2642544, 2969999, 2818929, 125401, 2979475, 2807125, 1804307, 4957326, 3538247, 4055130, 3835799, 3155946, 5545211, 5548304, 2833826, 6198560, 3069725, 105303678, 4182909, 5169982, 46295309, 5152564, 5547117, 5276457, 4795249, 5814895, 12379730, 5064160, 106316882, 5394202, 5189128, 2812782, 2783715, 2921712, 2630230, 2626656, 2606424, 2621144, 2713854, 2134384, 2775958, 2699701, 2689236, 3673902, 4084164, 5406809, 2798014, 3395540, 5066064, 1557888, 1665816, 3404130, 2656303, 5335768, 2666308, 2661807, 105463464, 2662609, 166134, 2754196, 5220776, 5134676, 5044759, 3647561, 5249133, 2653131, 2789975, 5260568, 1877194, 2751496, 2611189, 6799780, 2650607, 2865345, 2588690, 6375589, 3390316, 105762263, 5702759, 5578291, 10404645, 5423357, 103056104, 4912860, 5028372, 105324451, 4796063, 2999071, 3327221, 3711654, 2575885, 2572446, 2613638, 2531128, 2669337, 2651986, 2592286, 5022787, 2177377, 3009532, 2636377, 2689762, 2740092, 2673860, 2538312, 2565997, 4413430, 4509609, 3790175, 2679148, 2595384, 3198391, 2448132, 155007, 2486788, 3224711, 2605980, 2757335, 3029934, 3740255, 5110928, 4796152, 4574602, 4899175, 1680368, 2018641, 2786713, 2960727, 2798620, 1262360, 5733609, 4117560, 103100617, 6706851, 5282811, 18702441, 5278928, 103207106, 4952260, 5315787, 5647670, 6196150, 1907265, 2768595, 2660052, 5672361, 5203398, 2750132, 3535127, 5468001, 5416366, 4443345, 3980864, 5457368, 5683187, 5816995, 3593372, 2093660, 103796169, 5273727, 4822356, 103227949, 3002430, 2749387, 2702893, 2059869, 6496676, 3371219, 215241, 3907441, 4395184, 2763672, 2610848, 4584775, 4099835, 105161885, 4819470, 4869561, 2898202, 5303922, 4708516, 4593639, 2869466, 2859946, 3474269, 6060937, 5096944, 5628006, 5478463, 5296884, 12371084, 14721123, 112377108, 104073849, 6164659, 2775692, 4354101, 2647611, 3787736, 3712291, 5178567, 5112126, 3124278, 2395045, 2558841, 2817242, 5385316, 4681769, 5324482, 5497840, 5371140, 2706418, 2684200, 2699624, 2561859, 3680032, 2570889, 2561910, 2996376, 2761033, 2551223, 2538589, 2615021, 114456, 1266833, 2665677, 5396992, 5235237, 5475094, 7172844, 4217395, 2933842, 1546074, 5006890, 6312357, 5186935, 105210865, 4282215, 3503289, 4338057, 6177576, 20913600, 5683711, 6021658, 5635262, 11242194, 5568212, 105592977, 4989635, 6469983, 5118277, 5205177, 3129537, 2856870, 3000308, 2651790, 1589565, 4870707, 4744084, 4946557, 4889356, 106313744, 5064519, 5251528, 5427784, 5150873, 5366255, 4850101, 1908612, 5570091, 4011965, 105440342, 5114329, 5204006, 2953991, 3606169, 2951127, 3138073, 1547210, 3235960, 5064519, 5002073, 5561566, 5345677, 5769885, 2662463, 1756606, 2987959, 3699017, 2718002, 5154433, 2866816, 6235433, 5377550, 2703497, 7548113, 5690194, 105499565, 4593691, 5236554, 20909759, 105455328, 105316686, 5055294, 5638188, 6718549, 7420043, 2867241, 3211702, 4770450, 3101438, 5268955, 4462299, 3570948, 3392962, 4045822, 8650304, 3249165, 5547648, 5619453, 6856686, 5558655, 3501214, 5475038, 5425893, 5236618, 1671221, 1509467, 5473442, 4946714, 4958644, 4496045, 2488757, 447795, 8218334, 4215220, 2623252, 2590800, 3428117, 2716667, 4714328, 5120876, 5173341, 3257385, 3234815, 3181421, 2523301, 6508185, 1359088, 4255133, 6617130, 12024642, 106053969, 5944366, 56998142, 5171497, 31915718, 105557073, 18804669, 5613675, 10425652, 7442462, 2717391, 106034960, 2601766, 1999691, 5416169, 5436902, 8304248, 5151562, 105402050, 5124281, 5276864, 3436685, 5301808, 5623587, 102875216, 2841198, 5292776, 2803977, 5310884, 2700543, 4360956, 5108365, 2598036, 3064760, 3119646, 2306009, 281231, 3707405, 3004139, 3451686, 6628668, 3812534, 2615016, 1494811, 2598104, 4900513, 2662520, 4799718, 5402846, 4827111, 2834331, 3371222, 3438468, 6395950, 16720564, 105127877, 4009405, 4786908, 8192624, 23879637, 30253603, 105756698, 5205487, 5027198, 4394795, 2678910, 1818662, 1791782, 3141839, 5122435, 3506953, 102865134, 2769734, 3928535, 4137092, 5391932, 2671317, 3766948, 102891976, 2537516, 4714378, 2666132, 2663700, 2603380, 3250612, 5303795, 2643334, 2633395, 2711881, 2292994, 2630032, 268559, 2788920, 5192684, 5385265, 5232716, 4237352, 3461251, 3225603, 5168610, 5266913, 5094040, 3349858, 3810355, 1468608, 6238915, 2672754, 2837088, 6012392, 5025729, 105875224, 4910132, 5854335, 5676946, 14541411, 105389426, 2781483, 5192006, 4153821, 5333304, 5225586, 2678375, 2598319, 3155747, 4011714, 5749991, 3654457, 5403906, 4919718, 105536984, 5672277, 5711789, 3817417, 2986384, 3632407, 4796516, 4256521, 2675598, 5264210, 2755623, 2589992, 2985034, 1806798, 3823476, 2923502, 2926547, 107461, 2591464, 2870384, 3871072, 2082827, 1641599, 5174153, 6335488, 5279824, 5201453, 2717018, 5217669, 3777442, 105301509, 5541039, 2974796, 3751216]
10 players. Draw move times: [1664394559, 432096478, 427019850, 636321159, 433612745, 2463627521, 423801439, 533730627, 635886293, 431596605, 2103338654, 438504288, 537840478, 627272277, 429142173, 1148371528, 426072578, 434035996, 638439522, 432071953, 23878843, 335478576, 430702667, 528582636, 331434205, 327172209, 327471113, 527887190, 639079675, 432435656, 2452832902, 425844133, 535156559, 531611719, 427336224, 634342142, 427161401, 432498793, 534873422, 441933190, 856491528, 431349575, 534640307, 632852876, 342785839, 1340542458, 324465867, 431120624, 638905387, 341295382]
10 players. Shuffle times: [12404664601, 12330574879, 12548770661, 12588934833, 12572839166, 12333232400, 12426371627, 12432247604, 12565958431, 12595145149]
11 players. Play move times: [6178919, 3017427, 4169418, 5668272, 5442965, 5532770, 5277586, 4611258, 2597710, 4644637, 2592366, 4360620, 4884502, 5205048, 5039304, 105225565, 2630876, 4092635, 4014551, 3472010, 3230746, 3558617, 5009897, 5238796, 5212902, 2437602, 3813754, 5216282, 5230735, 5191107, 7996696, 2618848, 3184850, 213373, 5309521, 3999251, 4172631, 313868, 11168845, 22011592, 5115995, 5224392, 5126092, 2657189, 2692535, 2976999, 2679557, 2576679, 2604287, 2588414, 2551775, 6233043, 3340236, 3396312, 5878647, 5136127, 5356167, 3527624, 6031559, 2704471, 5332046, 5499811, 5648758, 5425285, 5518687, 5394233, 5299947, 4521800, 6599231, 4851899, 6271381, 5311781, 5489685, 3194740, 3701565, 2581190, 2668446, 4314982, 2615715, 3462637, 5220041, 3287232, 2662478, 2243684, 8548313, 2668663, 5268065, 5162638, 265777, 5561077, 5482223, 4898737, 2669882, 2628499, 2737741, 2638085, 2743772, 2533496, 2642727, 2614523, 2583499, 2614760, 20160651, 33470765, 7487663, 111530985, 105239030, 5355183, 103211236, 4448535, 2631442, 5439450, 5382296, 2600791, 2880675, 3305703, 2496005, 2447609, 4286359, 3593305, 2844758, 3284367, 3156827, 3083788, 2479204, 2490140, 3773178, 3665642, 2977962, 1794655, 4694527, 4813883, 3807204, 2782192, 2588688, 126272, 4934279, 2692731, 4790731, 100420227, 3125780, 3110314, 5191772, 2630996, 2559371, 6072268, 5157943, 2795036, 2682622, 2633233, 4484374, 5096484, 5100858, 5975534, 5846895, 3722142, 3069816, 5886670, 3119672, 2810720, 5459424, 3985272, 2797884, 2807767, 3050839, 5578582, 5603577, 5337897, 5223411, 2765674, 5321230, 6720626, 2962843, 2220326, 5130466, 1989636, 1840689, 1845654, 2742329, 9086594, 6327012, 5320122, 5242627, 108212309, 4132444, 3066209, 131111, 3000111, 5059416, 5035171, 224620, 5389939, 5328673, 111736172, 4268173, 3837386, 3828816, 2621318, 2568609, 2638345, 2717291, 2523460, 1227147, 1423246, 6036424, 3036993, 5116392, 5416590, 5439471, 2767604, 3335540, 5704549, 2916088, 4093918, 5351068, 3052038, 2623703, 4184299, 3139434, 2572703, 6553224, 4070771, 3037130, 4946276, 5230283, 102829466, 3954174, 3604932, 4786220, 3639961, 3867976, 3174884, 2774352, 3217658, 3190170, 3069041, 2524191, 98608, 2968496, 3288847, 12194432, 222178, 8492467, 8105760, 13540973, 3780444, 2691686, 3790756, 4404429, 5008505, 2573316, 2819353, 2734272, 2647838, 2562405, 16596016, 6968255, 6191820, 6119617, 5605404, 5818037, 14367333, 4099737, 5023454, 5515141, 5533951, 4770521, 4634054, 3711261, 5371066, 102976229, 2797647, 4126062, 3759964, 6057956, 5273190, 105786421, 2800388, 4761940, 2760297, 3193582, 3085275, 5716243, 2968159, 2699766, 3525006, 2026839, 3073398, 93117, 2801550, 5378769, 4983016, 232038, 22225684, 8271161, 4921075, 5161285, 2826936, 1538765, 3520457, 3830857, 2614164, 5021728, 5240705, 3322148, 3064973, 6049085, 5675323, 25081418, 3363007, 105537406, 5091276, 4764069, 2681391, 3481931, 3013952, 2837166, 1806614, 5305175, 5326265, 5168479, 3396924, 3455394, 5728633, 4974854, 5837368, 5806271, 102885659, 3150294, 5205409, 5388519, 3027966, 13621922, 2642357, 1951901, 1876282, 2695883, 5078848, 5183529, 227131, 2937987, 2656825, 2701930, 281661, 5240841, 18496053, 31430805, 2602513, 2564203, 5089351, 4890390, 4964889, 2628850, 5157254, 5050974, 4855004, 2581451, 6121426, 106174172, 5559694, 6315724, 105838853, 4196272, 2865950, 102988356, 2706873, 2685335, 5136705, 4374714, 4375894, 4037966, 4113156, 3551462, 4483529, 4907060, 4245380, 5450025, 5269060, 102841693, 2725130, 5220349, 5399960, 6144029, 5123548, 4527142, 3466204, 4518460, 4060512, 4880713, 5128842, 208436, 4651462, 2756552, 2708706, 3797433, 5294986, 42166288, 5598577, 5142232, 2624878, 2677310, 3548490, 2631520, 3315394, 3476813, 5154997, 3132030, 3029761, 24559499, 19477530, 5728886, 48016119, 34808076, 3875255, 2739726, 5009554, 5227755, 5343425, 2788050, 2598651, 2124860, 5283247, 5091979, 2664848, 3525594, 4019686, 3905770, 5324154, 4234750, 5157465, 5278751, 5119743, 5084555, 2904507, 4319418, 5219726, 2693655, 4910036, 1738661, 5198548, 5157915, 190993, 4845330, 5055392, 5661654, 243059, 5239853, 4820358, 5177846, 2662880, 5001863, 3526474, 2620756, 3200086, 102838934, 2645139, 2665314, 2863684, 2540146, 16800103, 11912740, 5580030, 5619281, 5387810, 13178127, 5202768, 3627526, 4901200, 5344407, 3662829, 2711155, 3072385, 2720293, 3287808, 6613637, 4147941, 5476023, 3916429, 3551992, 3643499, 4714920, 2562568, 2510626, 5157394, 5191848, 2626302, 3008604, 4550461, 4369777, 2920962, 5420812, 4711337, 100399802, 5048655, 3570590, 5485272, 301860, 5122676, 22722427, 5118688, 6933087, 2180447, 2608255, 3038324, 2575434, 2556379, 2628096, 2572965, 3060900, 3013788, 3333776, 5743190, 5099441, 3897825, 3989619, 5744526, 5208367, 2872668, 2737754, 2614451, 2644276, 3152595, 6665035, 6279853, 6856772, 5431289, 2674160, 7827712, 104101093, 5799615, 10189237, 105322229, 5188657, 3788866, 2572313, 3008112, 4285467, 4503070, 4050038, 2741851, 4150259, 2627753, 2526081, 93049, 3512832, 2664797, 2771862, 282276, 5201502, 5377386, 5065623, 2571444, 2640291, 2661615, 2638486, 2582173, 2595502, 1905571, 1626236, 2913312, 2492135]
11 players. Draw move times: [657282841, 630228233, 430112227, 732301415, 630036332, 436769799, 743644758, 631458831, 531144483, 842269284, 531994926, 530558119, 834795480, 634357600, 528162743, 830557975, 538718198, 534388361, 737654243, 630106196, 529768815, 741902999, 629408085, 548002722, 761066377, 533264612, 528780324, 733645574, 636296961, 528415734, 735289130, 631865916, 530329597]
11 players. Shuffle times: [15107275176, 15131394449, 15019537790, 14986358305, 15228453792, 15211073128, 15234872032, 14853988290, 15167651096, 14983873894, 15224277818]
12 players. Play move times: [19458383, 30575168, 5525905, 6966102, 9072869, 5378964, 5298433, 5608205, 5179524, 2667734, 3452476, 1998735, 4281325, 5616244, 3323822, 292880, 4760681, 104898601, 5223500, 5381095, 5331671, 4775804, 5268885, 5288493, 4908836, 2704817, 2597909, 2837014, 2663708, 2625945, 5121868, 8179327, 5136659, 4957441, 5114355, 12231055, 5143398, 1889408, 5344101, 109860514, 5354642, 2551249, 3548615, 2629978, 4960741, 107060549, 5120617, 2727154, 2532255, 2597799, 2672695, 2627271, 2695143, 2715586, 2661481, 2658545, 108708, 2680163, 2849185, 103376631, 1616406, 2911165, 2582116, 2927920, 3802475, 2664370, 2952474, 2972875, 2617644, 3384698, 2870970, 5005439, 383096, 5275781, 3836139, 4969736, 2853514, 4419092, 3380699, 123804, 5441485, 182978, 2631054, 2609816, 10109861, 5706793, 18987629, 7803213, 10206271, 2720062, 3671725, 28413370, 5728036, 103150437, 3511588, 5126147, 4584085, 5661554, 4855539, 302212, 4906716, 4992306, 4844761, 104956810, 36284161, 4357777, 3705548, 2828960, 2859069, 2758178, 2639484, 3327779, 4947951, 5171371, 4996693, 2630881, 4897143, 5128560, 35142694, 17882379, 5049836, 4072560, 6277024, 2609472, 2592620, 5836034, 4240927, 2608349, 3737220, 2092536, 105090824, 3269607, 2552023, 2486295, 5253911, 7812379, 4270986, 5058020, 4922581, 102987812, 3675444, 3777909, 2590456, 2550045, 5604028, 5144377, 2623519, 2956100, 3087385, 102733704, 4022536, 5089778, 5072483, 4831774, 2591782, 2488003, 95589, 4871672, 3291788, 4737166, 2672648, 3475844, 3184269, 130161, 3884754, 211210, 5205730, 2735746, 6268333, 5505953, 5209761, 5525530, 5452232, 2672413, 2717673, 2632879, 3605449, 2586205, 4257729, 4194504, 3994498, 5199776, 5814068, 652422, 15165768, 105537156, 5283371, 5114083, 4707742, 5097956, 3400821, 5292071, 5491603, 5391037, 5228152, 5299158, 5381356, 5434687, 2741170, 4967250, 5105142, 5179627, 14034666, 5237780, 5297018, 3001717, 5313007, 2867356, 2667464, 2642252, 1410739, 2756810, 2559454, 2659880, 4913041, 2951550, 2552139, 2597764, 2435283, 4269412, 3039449, 2689951, 2424474, 2412788, 200066, 2885221, 3517182, 3745881, 4686744, 4059377, 4081218, 3137673, 2446610, 3591067, 1668947, 2987466, 5924930, 4862637, 4713976, 1612496, 203026, 4121831, 3814766, 3520391, 2477306, 2526406, 2479529, 238525, 5197868, 189175, 5217867, 5160105, 6269366, 6288103, 5642874, 5720054, 14132901, 6030379, 2661775, 5604878, 5357506, 105548521, 3572839, 7492640, 5789713, 5135788, 3139933, 296268, 5341965, 102834042, 6004660, 5693481, 5048820, 5110525, 4556741, 6637128, 5136110, 5534112, 4972169, 105609855, 5288703, 5340004, 5148781, 2797171, 3848975, 5316726, 5444274, 5276249, 5556961, 2812965, 2680560, 2961037, 2735061, 3733197, 7138206, 3531962, 2641825, 3079148, 4716042, 5324817, 3161165, 4306858, 5179833, 5639462, 2748338, 3570278, 5263608, 3056448, 271329, 2824029, 3069958, 5053840, 4239687, 2678132, 2541747, 2570742, 2820272, 3237263, 2652651, 1628093, 2667615, 1947785, 2882902, 4039141, 151458, 2481720, 3711611, 3664928, 3777373, 2738359, 1471891, 176461, 2753117, 103743, 2649111, 2552538, 3143441, 6185277, 5595190, 25488428, 5695255, 5456359, 4996587, 7302244, 5624900, 9303397, 3831228, 6205050, 6272412, 6036023, 106952767, 166636, 3067279, 105042438, 11021149, 106927367, 36693972, 5077534, 5436733, 5335890, 5620662, 5400663, 5266107, 5117363, 5359127, 5474383, 1753939, 3146447, 5201868, 4845457, 5418661, 5254094, 4909223, 3021093, 2842711, 2623162, 2668893, 2852878, 3323769, 103984526, 2702484, 2843885, 3309281, 3367607, 4204305, 5004839, 5131527, 2923837, 4973606, 5385932, 4110583, 2867530, 100334458, 102798010, 2651901, 2595418, 5006054, 4784417, 2629999, 2610978, 1840752, 2148212, 5280178, 4565298, 2673762, 2649482, 3867247, 4041781, 1486428, 3214606, 3725975, 2685231, 5365213, 5309773, 3795483, 160338, 1647845, 1691577, 1913586, 5075680, 56109765, 5893788, 5829614, 6147956, 6235829, 5933744, 5413448, 5328770, 2664091, 2649948, 2598091, 5031150, 3430797, 2180390, 107470261, 150234, 2586573, 13017898, 4929351, 5600863, 7121523, 105413833, 5022483, 4879636, 2516088, 5147570, 2657888, 2683128, 2624390, 2869047, 2501137, 2789436, 5347640, 5444231, 5622323, 5542083, 38051367, 4102653, 4461253, 2602941, 2608743, 3286001, 3333080, 4390264, 2817092, 4170470, 11834230, 5398069, 5536290, 5084441, 2708764, 2986642, 2574224, 5402696, 5354488, 5457951, 100332389, 1537828, 1472685, 2590315, 3705096, 5496325, 5123042, 2867743, 105260287, 5087816, 5845603, 5206677, 2527519, 4030389, 3021319, 2924522, 193408, 3425351, 3689155, 2981793, 1879222, 1609460, 2508757, 343225, 4337599, 167530, 5246199, 4219594, 6778085, 6019140, 32355797, 5663381, 43972913, 105936193, 2862498, 11605565, 5287570, 5195919, 4411441, 5413524, 107075840, 4902075, 104543664, 309299, 5352270, 5515060, 4982081, 4873462, 2998945, 5885477, 5667215, 10533352, 5309668, 2138950, 2651126, 4709359, 3637233, 2804744, 3066156, 2959622, 6921762, 5523047, 29749826, 23827242, 5379425, 2772128, 5180670, 5102253, 5512287, 3868035, 2710810, 2612873, 2569678, 2793267, 4005851, 5436287, 5556881, 5109507, 3293382, 2563172, 2576924, 2623153, 2659434, 2582116, 106601, 3372703, 2603692, 1711925, 2626440, 2657269, 2613041, 4039304, 4290584, 5231212, 2684892, 2600396, 5130798, 2595720, 2860057, 4789479, 114089, 2593324, 2175852, 1451751, 2430297, 2396819, 2505644, 239981, 4215609, 165404, 4341352, 4351649, 29205152, 7060612, 6063557, 6805451, 20380684, 4066228, 4481540, 5783022, 5472953, 103816562, 3107047, 5492929, 111244180, 3429398, 5881614, 295931, 8522898, 6130468, 4944218, 6299114, 105286856, 5576380, 4560012, 5768193, 5460599, 5413462, 2742246, 4027293, 5876389, 3733530, 2695402, 3063606, 4427605, 5331170, 6183832, 5371354, 5441181, 3528029, 2201638, 5210022, 2714609, 103329427, 3116572, 102809699, 4220330, 2657656, 2875857, 3257679, 2212154, 2655752, 3307984, 7888217, 4491661, 5341210, 5279970, 103678779, 198826, 5253879, 3946461, 2855157, 5423967, 1710654, 1544900, 2649530, 3268530, 2970497, 5265363, 5018152, 4730604, 5279055, 3148746, 5264355, 100288606, 2577245, 5122737, 5435268, 4043150, 5680279, 3273165, 113857, 5791030, 213237, 103347082, 2638157, 6108059, 6102335, 5556526, 5729031, 6123591, 5948892, 2749528, 7884324, 2630374, 2614460, 2973420, 5215750, 8862130, 5137637, 107003850, 310276, 5317143, 5201976, 5176610, 5054319, 5060185, 5095563, 5506092, 5710339, 5912343, 2682900, 4262617, 5333130, 5088236, 2708422, 2531631, 4389619, 3015560, 5595235, 5094928, 5544418, 5080481, 6405213, 5179038, 5081356, 5244804, 2899971, 3532947, 3276450, 2601389, 2551198, 4579914, 2980963, 3031497, 2456304, 4726175, 1265380, 4994840, 5492431, 5455078, 5543580, 100329873, 2632559, 2567877, 2567478, 3023435, 105225967, 5041576, 5119694, 105235305, 5246610, 5223866, 5147295, 3841792, 5055978, 2841528, 4223947, 121322, 2645449, 4867798, 3860583, 5590870, 5107423, 2595542, 1388969, 4936870, 171600, 5136976, 5103327, 25154265, 19523094, 6003055, 4557809, 5670791, 8203410, 6469928, 102777077, 2597168, 3322297, 2675994, 5529712, 5980962, 5587373, 107417257, 273309, 5498822, 145897319, 5229100, 5579438, 9670449, 22988236, 5580390, 5790230, 5915781, 5413965, 2716438, 2630016, 2647513, 2591155, 2497530, 4415045, 2623239, 5132176, 1877005, 5188510, 5076699, 4750426, 5233278, 107072847, 5451601, 5059617, 3233893, 3683448, 2607248, 3477675, 105258539, 4788768, 2663373, 2662077, 3335828, 7498670, 5369187, 2889377, 2701518, 3478170, 198908, 2605965, 2565643, 2611418, 4274039, 5218257, 3540066, 2528786, 2976926, 3978458, 5190111, 5117395, 2584793, 3497926, 2617648, 2617997, 211809, 3819531, 5645563, 5757178, 5678867, 4277919, 3192274, 101954, 5465243, 167616, 5355761, 5273736, 6471797, 4883410, 5946400, 5250123, 5308418, 5497817, 3164377, 5241281, 5261643, 5300680, 2587669, 5205978, 5235419, 11003824, 106661218, 4443877, 2912174, 105474005, 22245511, 24713111, 5438662, 4834325, 105432013, 4236361, 3777711, 5131918, 2738096, 3529726, 5121930, 5264290, 3134878, 2771021, 9584546, 2052303, 5265720, 105182174, 105665371, 6474547, 5224505, 105255700, 5142073, 2918155, 4948484, 5235664, 2694257, 3863916, 5017721, 2956397, 3394657, 5206958, 4242120, 4199157, 2565093, 2892937, 3656148, 2938714, 155986, 4091013, 3119437, 2830853, 3881544, 4153750, 2719603, 3887177, 3411043, 2681832, 2588772, 3314299, 2716536, 5204819, 2791174, 3964879, 144266, 4519075, 5480256, 3437035, 5569626, 4626362, 2600954, 128371, 5243588, 102224, 3547938, 5002552, 3142244, 3009223, 2887698, 5921085, 9921895, 5653663, 2688665, 5361752, 5343229, 4827341, 5200833, 4934810, 8956825, 5325810, 2833713, 301236, 7916614, 105003473, 21102070, 4848255, 5142785, 5437714, 5841209, 5402166, 5623631, 4842250, 4908684, 2629288, 2627907, 2459703, 2720737, 2615178, 5511089, 5200193, 37928410, 105687922, 104910404, 5337310, 3792189, 2632954, 6085299, 4447256, 5557329, 2679752, 3206466, 106030483, 102961892, 2621108, 2998722, 1800449, 2689661, 5893925, 3349546, 3110456, 2650470, 3118828, 233627, 2929923, 2841617, 2848638, 3652113, 2909555, 2576006, 1503930, 2764979, 2599578, 2495335, 4671438, 5163942, 5188549, 2890196, 2610300, 113646, 4619967, 5274440, 5141279, 3099584, 102877107, 2662803, 297093, 2753907, 84205, 2602815, 2541629]
12 players. Draw move times: [756553063, 538602527, 636265813, 704001268, 920724073, 646131242, 643994181, 743027127, 748534034, 540006826, 741788187, 557315115, 444322050, 534249372, 534772532, 742574757, 646536102, 542814752, 702932303, 939505347, 555995252, 636193723, 736369224, 736331803, 551257325, 740592895, 538214438, 441975248, 537076848, 528865036, 642420933, 542823349, 543230552, 705118247, 842674110, 544064828, 542456550, 747277529, 744769633, 539502773, 642428039, 645418486, 544617803, 634268662, 641756326, 637123703, 535947047, 535107548, 603841883, 931607217, 541294047, 636514663, 647404078, 740324117, 543250176, 643656915, 556126514, 448139572, 633691675, 534274588, 646721439, 649507504, 539454795, 705348650, 943642277, 639131115, 640242963, 734777360, 644739739, 553942740, 749719714, 634098505, 542191752, 642177213, 535097992, 737550001, 639972149, 558492962, 704861394, 937051420, 632814974, 639319008, 754935989, 647310705, 554059298, 750101566, 635292447, 541841331, 635023558, 541269496, 639613570, 542981931, 559196770, 704350743, 938599938, 555473905, 634567568, 736541574, 742568988, 543928863, 637492119, 639759681, 443960269, 634478208, 545372654, 637473280, 649378515, 543396254, 606307506, 853847283, 633349437, 639018277, 739920195, 751992679, 645695814, 733591773, 536678268, 445336683, 530452486, 531547231, 732299231, 633322368, 531902494, 705324305, 943069822, 647560785, 656905811, 640973218, 633885080, 637151295, 737895136, 643543321, 545024637, 646257598, 634186417, 634637147, 538664131, 555870241, 604074195, 931756885, 640656261, 644022462, 747770798, 748700309, 555956322, 737874196, 629955135, 447096567, 535962564, 529549491, 658848998, 639053679, 532543306, 704382818, 935300781, 647450307, 639144759, 747764526, 753267226, 554242517, 744190818, 639730219, 551142599, 642946426, 635710002, 638331130, 533855268, 533504836, 604780507, 777465977, 547518913, 558118493, 643270631, 739003406, 531965264, 632322999, 537708128, 439069839, 537726072, 533842216]
12 players. Shuffle times: [15820703376, 12955923693, 16293276333, 12856077409, 16055078558, 12918423379, 16143196703, 13051292355, 15532574357, 12996461570, 16154050086, 13063311144, 15985073670, 13059904067, 15773995526, 12686669041, 15549234093, 12687018715, 15867427387, 12619335828, 16013869751, 12715670420, 16100866904, 12962263779]
13 players. Play move times: [3133458, 3000151, 2818202, 2790484, 5331829, 5409423, 5002702, 16564920, 106025584, 5221839, 5219080, 2509081, 4293346, 4085810, 2713309, 317117, 3144887, 3722110, 3945726, 3694247, 2794972, 2852135, 2581267, 6505274, 5303621, 3701823, 288120, 2787866, 5120195, 5153809, 5050613, 4805124, 4725992, 6029108, 5115740, 4932452, 4266112, 2731730, 5300380, 5147212, 4191798, 2658661, 2565413, 5233361, 3901486, 5411985, 5248272, 1812329, 1874636, 5451008, 2599891, 2522268, 4981520, 5088807, 4930897, 10889607, 3164731, 5885808, 5438699, 5384221, 4988968, 1792420, 4973311, 3075299, 5091629, 4982773, 5086589, 3900593, 2567615, 2562934, 2553891, 2556496, 2471801, 3077227, 2652147, 2555380, 2512086, 8444730, 5606733, 2715165, 3554723, 2488541, 5268984, 5272431, 8328478, 5409619, 5528179, 2621546, 29515170, 96052678, 105779992, 5660716, 105639733, 2936023, 4108611, 5203688, 102766223, 5232793, 5264181, 3567578, 3143354, 2929938, 5081654, 181895, 3202363, 2643699, 3992488, 5500340, 5490979, 4163573, 5305379, 3385846, 3887486, 6494364, 201477, 5195303, 8235759, 5054938, 105765656, 19892199, 4888511, 2643491, 2556483, 2547560, 5446479, 2592144, 5356864, 5143917, 3231100, 2825564, 5696063, 5583851, 4428474, 5698464, 3190814, 3670662, 3512111, 5109764, 4730296, 5322341, 8446995, 5314074, 5477596, 22169055, 3503967, 4883768, 2744149, 2519044, 2593405, 2560913, 2705577, 2926814, 3349352, 4433526, 3559409, 5070092, 5127847, 4339623, 2620116, 2565338, 2560593, 2600021, 2607234, 2546632, 2449154, 3149319, 2717511, 2538136, 4113367, 4084639, 4253553, 3340874, 5120460, 5193180, 5557884, 5407955, 6097935, 6172055, 5797346, 5863083, 2888214, 5433629, 5512313, 4960298, 2952587, 5309569, 3640978, 5239290, 2720224, 5357940, 5362186, 221530, 6282008, 7457503, 5372611, 2640738, 3102953, 2803545, 2698410, 2585808, 2831179, 5068965, 100343363, 4176077, 2818363, 2187185, 5186652, 5075105, 104825690, 3019483, 2572136, 3913902, 4978947, 5015432, 2678195, 2669660, 3138296, 2734092, 2627981, 5092423, 3918474, 4614121, 4350140, 5828747, 5480191, 2644725, 2631482, 4635903, 2588203, 5004138, 5302237, 2738504, 2297334, 2693199, 2702055, 2888713, 2701796, 2650156, 2564919, 3812350, 5085723, 3233315, 2962018, 5327239, 5293845, 5249468, 5179983, 1757055, 2575296, 3222337, 2838140, 2825637, 4875039, 5167500, 5088373, 6177861, 5277894, 3492805, 5730386, 5708380, 8271686, 5160709, 5208922, 105295234, 54423700, 106585708, 106201312, 106053807, 5530582, 5554606, 5288286, 5540585, 102870543, 3004583, 5244706, 2672754, 4484782, 5299836, 5293484, 242663, 4887532, 3766509, 3867045, 5820024, 5502685, 5200604, 3866036, 5218373, 4844423, 5578188, 246569, 5462482, 5362632, 68770308, 5998573, 6844510, 5759942, 2245640, 1951973, 5400331, 5115393, 3470028, 5386424, 5432046, 5279394, 3070140, 2769495, 5605515, 3321288, 2745743, 2669765, 2649111, 2588866, 4189697, 2973944, 2321705, 5435820, 5364792, 105273695, 9717523, 5445671, 5651769, 2805282, 2656200, 102737358, 2648298, 1701110, 2665346, 3383463, 5708467, 5346511, 5323511, 5471101, 5607659, 3401738, 5396283, 5374113, 6973614, 2684424, 2627575, 2618762, 103149601, 1266138, 5363274, 5157410, 2774673, 4378114, 5071988, 5366983, 5462152, 5913622, 2639610, 3249175, 5602518, 5467071, 5295487, 5522157, 5468985, 3010804, 2569166, 5196260, 3166051, 4489888, 2727614, 8875297, 3761261, 5191598, 490216, 5248689, 5468483, 4915724, 104836472, 5108002, 5119992, 3489016, 3868938, 2713624, 3768011, 173891, 4785155, 5330475, 5458731, 9430470, 6165879, 106201761, 2733226, 2590664, 3418464, 4125659, 3058440, 2712142, 3336642, 2718134, 2648058, 2540841, 1592024, 3176404, 2755972, 4158266, 3126238, 2696196, 6403622, 5412698, 5392947, 105561306, 5347702, 5247015, 105427714, 3045873, 4891306, 5121295, 2601708, 2559695, 2554731, 2560272, 3125674, 3077164, 3637214, 3095014, 2836940, 2563284, 2568173, 2578077, 3184891, 2914926, 3397929, 3550077, 1270703, 1832391, 2604470, 2636373, 2615074, 2711079, 3221949, 5004191, 5481581, 5334638, 15772584, 5093885, 37847042, 6392621, 5954515, 5601114, 5633037, 5407150, 5458674, 2784318, 2777144, 5401484, 5322072, 4236832, 2620247, 2694108, 3399758, 5290427, 220343, 5165333, 4964519, 3052267, 2211443, 5231977, 4930703, 2681572, 2593848, 5582981, 2935610, 91306, 3858408, 3884494, 4524331, 6530961, 32502070, 105762861, 4424276, 5665533, 3087201, 2644235, 2526642, 5596386, 5267767, 5402683, 5223625, 2118992, 4225870, 3740210, 5127771, 5430627, 2659897, 2581582, 5357217, 5552286, 5453084, 103780991, 2737668, 5314104, 105172392, 5051904, 4460117, 6596908, 1739789, 2645874, 2660689, 2863785, 4038415, 3119364, 3467204, 2824225, 2588866, 2599601, 5118835, 4557316, 2582468, 2567735, 3477315, 3165351, 5408125, 5271762, 2966536, 2652483, 2506230, 2582388, 4189851, 5683335, 5146934, 5168982, 5725360, 5394276, 6476982, 6126470, 5912933, 42186712, 5757506, 6213021, 4637223, 5247904, 5475729, 104025094, 5065309, 5293415, 5247528, 4221239, 3020341, 2748539, 2036418, 2698546, 2632215, 2915471, 4541401, 4537921, 4617866, 2619620, 4240158, 4469457, 102891789, 126371, 1805915, 5245319, 7888513, 5359462, 105476183, 6097975, 105348010, 5267321, 4923772, 3580403, 1436056, 5402808, 5321423, 5112954, 5315579, 5023544, 5418436, 17296603, 5329813, 4099340, 2700257, 2921177, 2680977, 4201193, 5354559, 2660066, 5291362, 4930285, 45635951, 2846834, 9197943, 2798910, 5141384, 5137492, 2637379, 2561466, 3376775, 2632682, 2642647, 2692255, 2619404, 2577180, 1814020, 2294279, 2644622, 2622138, 2588676, 2608988, 2461655, 2664030, 3376971, 2771359, 2607397, 4272212, 5309889, 5176895, 7928318, 5174357, 5098170, 14284156, 8552669, 45101504, 44768377, 10148109, 105910977, 23330310, 2663174, 5442650, 5314371, 105404215, 2734434, 3063090, 5081142, 3255092, 3686120, 2388681, 183030, 5252525, 4917148, 2939035, 5391812, 5731731, 5455234, 3024508, 4234982, 2649429, 4619384, 148540, 5543863, 14632264, 5392400, 4850831, 5109765, 105474366, 2622695, 3501896, 5218838, 105266212, 5305864, 5350069, 5114809, 5149771, 5179744, 5035937, 5505593, 5721140, 5792506, 5832176, 3845923, 5481734, 5151548, 5050166, 5339363, 5202983, 1950025, 5442091, 103187479, 2817893, 2620885, 2658642, 2671269, 2612860, 2690322, 2904544, 2815127, 1513671, 2598325, 2733266, 2566552, 2563670, 2634135, 2549890, 2601016, 2587008, 3445376, 2602063, 3168637, 4961947, 5213988, 4327607, 1844441, 6273678, 2845634, 5216002, 5292790, 5372819, 8770037, 32616253, 7913625, 6132125, 6064379, 6206936, 6317074, 2910204, 5597791, 3486424, 4558389, 5169719, 3230780, 4083417, 5165331, 105241171, 4033830, 3092953, 160493, 2903668, 2740433, 3048203, 5222424, 5295137, 5205321, 3678511, 107640983, 2952176, 2716578, 114495, 5249765, 23441910, 25623121, 19923889, 5366294, 5084644, 103752490, 5219084, 2734176, 3383503, 2572028, 2776736, 2590524, 1345994, 2573267, 2925109, 4304542, 4656684, 105548525, 4697756, 2685231, 4578642, 5293942, 5309163, 4806845, 102813803, 4975987, 5240840, 105194836, 5115430, 2650413, 1995869, 5001771, 5131345, 4806843, 5043325, 4014927, 5745394, 6811665, 2656041, 2621594, 2649660, 2912190, 2630848, 2623905, 2626143, 3377620, 4469684, 3011281, 2638086, 3000151, 3122621, 2603283, 2407370, 2868499, 5428471, 8926722, 15323429, 5451572, 18787426, 5615433, 16166956, 29309854, 19435017, 47339866, 5396229, 5418339, 5484041, 5854928, 105564166, 5379978, 5262042, 4563109, 2710214, 5372318, 5339304, 286645, 4675661, 3202915, 3378926, 3147724, 5264344, 5238727, 5300744, 5153463, 13936643, 5515957, 261182, 5347888, 5108967, 20489852, 104765179, 105017439, 105225043, 3004087, 2580136, 3875941, 3326740, 3811691, 4206996, 4076672, 2708178, 4573817, 2642681, 5417259, 5265954, 5129523, 5026994, 2732748, 4296956, 5099017, 5179999, 105477572, 5465407, 5358472, 12604209, 5593702, 6691141, 5580809, 3336922, 2742862, 3110031, 2627931, 2540753, 2587354, 2956399, 1315727, 2729271, 3596602, 4093183, 3350018, 2675342, 2666422, 2650492, 3368767, 2720460, 4094653, 2550370, 4173545, 2761364, 2602440, 2589997, 1832475, 5193292, 5189773, 4892180, 5029237, 27481682, 102760652, 3166084, 5557812, 2824368, 2779541, 4656265, 4634577, 4136813, 5340791, 7071038, 3315888, 5037160, 3399867, 4199923, 2624187, 2532671, 325519, 5359845, 5014858, 2655712, 3228198, 2449907, 3201637, 2600643, 3657484, 5265066, 5757154, 304865, 2847216, 5325282, 5215414, 4861272, 5774995, 69342368, 5966639, 4103638, 3858778, 5037831, 4871538, 2655443, 2504116, 2647569, 2505562, 2605487, 4911529, 2609012, 2638905, 2654369, 3091630, 4841115, 5026398, 5092394, 5358516, 5022311, 4881472, 4864423, 12341940, 3346714, 4742962, 2801033, 2574089, 4774219, 3371425, 2535460, 2554040, 3030626, 5207899, 5080241, 2585343, 2697431, 4909098, 2598013, 2493438, 2548009, 2784166, 3320115, 2566777, 3537712, 3922525, 2520121, 4070164, 2584931, 4844707, 5116916, 9370209, 2810388, 2572384, 5075839, 6614746, 10467938, 5967818, 5541480, 5474484, 5481659, 6162306, 5272191, 5260176, 3152679, 105541479, 5162632, 3713759, 4638035, 5626222, 5796227, 540740, 3884360, 4837680, 2385105, 5478051, 4559252, 3143515, 2823998, 2645728, 5572599, 3374723, 159009, 4966532, 5360996, 26969011, 5848463, 12096922, 4951148, 2943062, 3075121, 2819958, 3056202, 2584625, 2168471, 3542665, 2896861, 3688015, 2686072, 4924051, 4900182, 4888176, 4857296, 4070530, 2625104, 5558713, 4914298, 4791337, 2876304, 2735934, 5072642, 5193899, 5031751, 1691181, 3869764, 2636402, 2628139, 2580637, 3051987, 2645576, 3045976, 2918392, 3792772, 2658564, 2597549, 2647560, 2518690, 4875832, 1650792, 4986632, 2685608, 2536665, 2624632, 2974846, 3049139, 2587946, 2616562, 4198272, 5445086, 18707229, 5350640, 18639124, 4981696, 12355777, 6031247, 6155410, 26533931, 5613862, 4005000, 5467479, 5317033, 5428253, 105396216, 5383880, 4421234, 5229465, 5153638, 5308848, 4128491, 376891, 105641939, 5397844, 5103133, 5043371, 4960585, 4937922, 4895962, 2644890, 5567745, 5609532, 1757172, 8365457, 5015696, 105295563, 5874439, 104998769, 4846668, 2628209, 2519036, 4346533, 4191403, 3755153, 2826679, 2636797, 2690807, 2635966, 2613579, 5267202, 9072280, 5498619, 5625370, 5616216, 5140630, 3093946, 5128233, 5120408, 2678783, 5295258, 7651861, 17689960, 3040329, 3123850, 5074009, 5133745, 2655992, 2600342, 2838366, 2624800, 3186611, 2825711, 1515002, 1621844, 2857094, 5112063, 5062044, 3011783, 2640425, 2638308, 2688373, 2670849, 2604611, 2940159, 2790773, 3617401, 2626581, 4196586, 2476821, 1953520, 1948887, 4399466, 5711349, 10385665]
13 players. Draw move times: [739645412, 776124940, 748962177, 733691349, 635749650, 538607920, 745085866, 869351791, 740513383, 839479866, 739436017, 534985614, 760334729, 881681794, 739514595, 747546024, 641498425, 540216874, 871827687, 875411686, 756641665, 850397811, 745188839, 545075411, 748903708, 882186897, 647103496, 845394672, 642286161, 551099475, 745675330, 881156056, 659769505, 749036864, 738193429, 539776534, 870713724, 789840925, 639684117, 849941889, 737559643, 534695057, 744683517, 904403476, 644333008, 855795748, 641179314, 533270829, 746424652, 797366818, 638781565, 841682773, 637240793, 544752523, 845199928, 892274161, 747182954, 858864324, 741129147, 634942807, 843934076, 873948037, 660234972, 748803433, 739399507, 533801886, 842823688, 870798912, 649767209, 837074118, 739577644, 538127058, 760797875, 773068562, 742802410, 749773855, 742781992, 534403666]
13 players. Shuffle times: [16215872767, 14195806522, 16111553712, 14189940470, 16228059007, 13966959526, 16346679891, 14072952570, 16345661622, 14157718133, 16113628259, 14233933235, 16530292065, 14122603027, 16125556201, 14046686143, 16303732013, 14271342308, 16141258575, 14316468184, 16272377478, 13983244236, 16319988264, 14073137891, 16417810045, 14199682054]
14 players. Play move times: [8340523, 5989600, 5585636, 5598590, 5245060, 2644274, 3076668, 5078782, 5019827, 5171506, 4952684, 5162087, 5210251, 5284629, 4088870, 5654056, 3086011, 37877530, 5107157, 5670118, 2661537, 2628345, 105695051, 22389513, 112416, 3139290, 4694140, 4044848, 105438638, 5112062, 102790153, 3270457, 3862390, 3536240, 226279, 4743278, 4352149, 4366508, 5403222, 5380169, 5290666, 5300836, 5487979, 5398392, 47239180, 5125282, 105046186, 4943342, 2682001, 3673619, 4990139, 2692072, 3198954, 102788832, 2613414, 3778606, 2584061, 2698758, 2664362, 2638156, 5005922, 4840515, 4979071, 2671686, 2616926, 5518929, 105567755, 8428095, 41750334, 11101201, 5497030, 5597583, 5795737, 5492708, 12500949, 243203, 5221852, 147218, 5361511, 5454273, 5340480, 10122355, 104454576, 5632714, 4787127, 4566204, 3068319, 5282253, 2601593, 6759046, 6391870, 7361733, 5532291, 2694493, 4991512, 5211947, 2748344, 5501805, 5779634, 3703977, 5319588, 5324655, 4976141, 3279039, 2721724, 5533686, 4661911, 2652012, 2933849, 5214542, 5077553, 5119110, 5192510, 209484, 4719080, 5317197, 5391781, 4719398, 5284021, 1808374, 5061066, 4287033, 3044416, 269285, 3421425, 2669262, 2878628, 5247365, 5074643, 5380670, 5417264, 5288578, 5362958, 5485468, 5244005, 4977524, 2971584, 3985960, 5120389, 5272165, 2128413, 1601328, 5188536, 5050116, 4981748, 5386663, 5374297, 2716646, 2717202, 5205909, 4844190, 4963245, 4979808, 5026425, 5244780, 5320002, 4823963, 11658386, 5033620, 2078378, 5951728, 105448960, 105429975, 5324036, 225495, 5539325, 201784, 5465591, 105623475, 105539989, 10879067, 21067543, 5306638, 5275095, 2651058, 5332203, 5360361, 4999680, 3522058, 6498207, 5980770, 19461860, 2671459, 5464052, 4772651, 5464105, 8058969, 5308874, 5209145, 3718234, 5018497, 5209438, 5738167, 5544506, 13897625, 103868722, 5402584, 5249914, 5120885, 2556816, 5228639, 21894233, 210560, 2226329, 5284315, 3965424, 5134417, 5308268, 2598400, 5062816, 102742395, 2539608, 1051346, 3389389, 5201525, 5460854, 5128202, 5201094, 3762449, 2755982, 2657332, 33399048, 5215492, 5141122, 5130324, 5170741, 5110602, 2918848, 3256704, 5555986, 5284040, 5092625, 4906624, 5066017, 2609618, 4264821, 5235707, 4740881, 5331753, 5292571, 105653386, 5529225, 5620004, 5713206, 5429504, 5404139, 103870047, 5055505, 6171697, 5877517, 5406885, 20712857, 8908244, 150599, 2948194, 231911, 19385399, 5321468, 5202217, 2601038, 5547681, 4826838, 2737198, 2581897, 1505230, 1566548, 5217345, 70380200, 28970042, 29053279, 3080517, 5992902, 3050262, 5254758, 5466363, 5337813, 5225110, 4867045, 5179425, 5170785, 4936249, 2455421, 3879362, 18872678, 102989745, 4109837, 4534895, 5133487, 2697199, 5313945, 5428704, 156657, 2737756, 2596265, 2611421, 2648754, 2606319, 2653366, 5001462, 4828344, 3402424, 140846, 2527027, 5372302, 5460031, 5376012, 5426029, 5667294, 5712573, 108910827, 5291258, 5112602, 5418073, 5165651, 3914596, 7260504, 5492865, 5063646, 2915308, 3994796, 4659873, 3217488, 2953684, 3170884, 4559285, 4669944, 4562888, 5192206, 5192988, 5619747, 104426128, 4972355, 27498514, 5710628, 5010171, 105596626, 5893551, 5636707, 5298144, 5446744, 5302846, 17612881, 216298, 5619918, 246562, 5253783, 14042432, 5671128, 105218339, 6249931, 102716335, 3367914, 2860729, 2609766, 2549487, 2927767, 23157911, 24318403, 112273112, 23673077, 2635336, 2740256, 5587211, 119407262, 5486212, 5663696, 5842728, 5053743, 5145218, 5425758, 5277246, 5494053, 5418461, 102879316, 3320149, 2661713, 2625830, 2585902, 5439518, 3959271, 364218, 102791430, 3062567, 5294151, 2687763, 5186596, 2671901, 2734348, 3536045, 2627569, 197798, 3858186, 2226208, 2557327, 2535995, 3480673, 2685274, 2628269, 2650074, 1684318, 2130249, 5695199, 5599856, 5273756, 5256580, 2750520, 2635315, 2632756, 2620172, 2745469, 2674052, 2781330, 2709628, 2899011, 4133957, 2744458, 5248547, 5301127, 7572697, 4717999, 5684101, 5646214, 4927855, 5320190, 118742880, 5311270, 4454590, 2847984, 5682984, 5675129, 30569672, 228690, 3154740, 1910955, 5369794, 105415615, 18772802, 5363437, 103660867, 2985973, 2624357, 2591665, 2633812, 2611605, 2578779, 90421599, 6493511, 9625335, 5514294, 4582805, 5735330, 2815379, 2947231, 4731854, 2848206, 5470618, 5369264, 5341524, 5365457, 4321094, 5749031, 5270802, 102878953, 3188429, 2675558, 2630441, 2698886, 9154118, 3128472, 244316, 5298206, 5265874, 4099189, 105554867, 5477295, 5279866, 5506431, 6321865, 103968139, 198797, 5622505, 2955222, 5278041, 5529231, 5450966, 4918105, 4059481, 9072464, 5601931, 5255713, 5388774, 5214657, 5076332, 5078887, 2854856, 2717150, 2670815, 2759656, 5382871, 5334175, 5428084, 4917262, 5455066, 7502446, 2869137, 3105500, 1977377, 9522030, 5212785, 4480971, 5494402, 5701427, 4989693, 5341917, 5282214, 115637292, 20187309, 25012204, 5502916, 31690927, 251211, 5625119, 100332816, 5310013, 4947746, 105847627, 5608288, 6251745, 6040576, 2951022, 2725062, 2661031, 2604489, 5241234, 5935353, 3013110, 5304634, 5514567, 2673768, 2967213, 4163211, 2524256, 2863672, 6067868, 5028677, 5295645, 5144500, 5043633, 2762023, 105849610, 5876759, 105624264, 5520788, 5849692, 2639599, 2774418, 4621367, 5302806, 147252, 2608236, 2538606, 2574920, 2598508, 2550700, 2622753, 5279933, 5356935, 105740410, 148831, 2551345, 3080709, 2053911, 1859229, 4444977, 5276224, 8114941, 5330357, 62963340, 20185599, 4918405, 4961065, 4914754, 4977856, 4818487, 4113824, 2609450, 2626960, 2691673, 2707686, 5311581, 5163730, 5519471, 5399094, 5350975, 3128630, 6835966, 5816367, 105912433, 5621232, 105054059, 5156739, 5005183, 5095969, 5175546, 3043829, 3547460, 5595775, 4962898, 31366534, 147927, 1967764, 161499, 5117544, 4990761, 5172847, 2597215, 5423057, 5272540, 4951441, 5131165, 5080369, 4959038, 2767611, 3348959, 4858262, 5736165, 4020186, 5305157, 2635679, 3080045, 6065428, 4824619, 4880892, 2706745, 2639720, 3641255, 4716551, 2817259, 2781510, 2597726, 2795091, 3022820, 2884590, 2643925, 2565236, 5211501, 5468281, 1640334, 5260830, 5201532, 5233962, 12230623, 5065468, 4909619, 5094279, 5123650, 3308732, 199031, 105224129, 4964033, 5271622, 16297902, 5231611, 23933036, 5336551, 65084928, 13787090, 3534254, 5198800, 9307541, 5223842, 5230693, 2558977, 2705970, 2616057, 2603393, 5263148, 4331164, 2676795, 4997533, 5167213, 1954961, 3042193, 4407017, 5050170, 5115003, 5089918, 15169372, 5806775, 5218926, 5228193, 106914016, 5268690, 5205149, 5280026, 105131603, 103601307, 3189908, 11220222, 2925014, 179434, 114642434, 4977456, 11256929, 5078584, 5383354, 5631980, 4301977, 2562982, 2650722, 2534403, 1852797, 6263682, 15748829, 8800683, 5451527, 5140816, 4833907, 2659993, 5241426, 12150625, 5687173, 2769360, 2258349, 6158166, 2307091, 5514878, 5697237, 5451580, 104394027, 2588356, 3064881, 5206632, 3116603, 5276270, 5349731, 491726, 5161776, 5022929, 5062591, 5030725, 4942937, 3060316, 2725230, 3180909, 2850850, 152841, 3485574, 2772281, 2607403, 2591140, 2621384, 5390928, 5373574, 5429139, 5318091, 5327196, 5247294, 2681150, 5052949, 4999142, 5278189, 5056413, 5119359, 5110166, 2669197, 2625417, 2662597, 5718818, 5332356, 5335819, 5109340, 4830709, 4718189, 4649761, 30221728, 3966498, 5816134, 5211362, 5168077, 15072271, 5200990, 5230601, 18589261, 108738027, 105432201, 5136364, 221382, 6008624, 189133, 12015635, 5453587, 5536709, 5345170, 5791539, 5734554, 5463936, 5115725, 5177542, 5317346, 3314522, 5618053, 6003866, 5430462, 4624873, 3510255, 5081306, 8400630, 2696810, 5433404, 5360818, 2670415, 5324891, 4886044, 5292066, 5477821, 4097974, 5659487, 103948900, 4000879, 7576720, 4119168, 3244230, 5280927, 5220809, 218339, 3432346, 2186353, 3087653, 5303114, 5433309, 5281710, 5287028, 4457241, 102910225, 262698, 5652893, 3335226, 5463557, 5357204, 5534545, 5348139, 5354520, 5522893, 5505900, 5433965, 5430234, 5409195, 7906674, 5049936, 2695008, 5245400, 5244771, 5239272, 2787687, 2690883, 2659041, 3374363, 3929003, 2921064, 3036781, 5394528, 5423094, 5453455, 5395212, 5311420, 3257319, 8344783, 5324420, 9159975, 5475281, 5213504, 6151368, 25860304, 5298772, 5087536, 227376, 4840733, 297890, 5624735, 5295646, 5400061, 102822918, 5914079, 102732985, 2611110, 1457074, 2664079, 2627767, 2632409, 5916145, 5934128, 5722323, 5578299, 4290028, 3045327, 4233263, 5456926, 11541810, 5607723, 2596540, 2708008, 2622247, 2690570, 5177557, 4689842, 107625907, 6809794, 104845318, 3242864, 4947740, 5067525, 2714075, 2827876, 112029, 3769338, 5259533, 1872804, 5139988, 5193063, 3980218, 5711475, 5397521, 103329676, 289580, 5115386, 2728337, 5174340, 5209655, 5191460, 5280486, 5290356, 5256365, 5270056, 5146960, 3242234, 5203585, 5081530, 5083357, 5327705, 2938885, 2886975, 2890606, 2884963, 2865482, 4256865, 2894481, 2700830, 5863545, 5251488, 5184324, 5284975, 5051015, 5152193, 5272149, 17242139, 11513528, 5573752, 6777542, 5655561, 5313528, 5484575, 5448907, 5303922, 5268376, 267315, 4446485, 191471, 5076991, 105795527, 105647312, 5321927, 5383610, 5464956, 14991540, 2580711, 5089238, 4817157, 2679110, 8949467, 6059860, 20179884, 6629352, 4892983, 5795851, 4505455, 5237766, 5213316, 5216586, 2677999, 3613496, 2522985, 2593517, 2722432, 3124748, 2739620, 4027205, 104637115, 2781083, 3395893, 3742730, 105155207, 5294429, 212536, 5405568, 5537048, 5439899, 1752959, 1869003, 4963101, 4631881, 4920556, 2641875, 148739, 5728722, 5484525, 2830282, 6595575, 5534584, 5458394, 3976976, 4134454, 5394930, 5328660, 5429657, 5419507, 5275533, 4368667, 5110801, 102778827, 4259523, 2702730, 2130972, 2391838, 5399378, 5563735, 2856815, 2812965, 4676682, 3580191, 4732018, 4555135, 105065074, 6731107, 5121152, 5243769, 5389860, 105392675, 5214393, 5329626, 5216978, 5699318, 5206252, 14564878, 152071, 2635305, 120223, 4435150, 5241412, 5009359, 2656274, 5789252, 23744379, 5212334, 5188021, 2632192, 2570796, 2684434, 29491011, 9887738, 26932817, 6847870, 5116365, 5070816, 3476333, 5472626, 16101379, 5746577, 5161095, 5213207, 4005821, 2881585, 111698677, 13701665, 12258082, 5650898, 11596177, 2668224, 5149130, 102773107, 5289337, 5384855, 208728, 5131022, 5255506, 3701205, 5148959, 6080237, 2576949, 5762224, 4902733, 16619303, 396487, 3814936, 5078754, 4103964, 4812219, 2616013, 5241433, 105534820, 5396052, 4480343, 5630099, 5379820, 5295171, 8139081, 5198194, 4244832, 4726878, 4868096, 4510938, 3561578, 3756060, 2604553, 2741253, 5532089, 5502470, 6021162, 5485746, 5569477, 5388702, 5525875, 5249623, 5493746, 9389226, 5298924, 105328578, 5488786, 2740026, 2549610, 5739568, 5250634, 103638741, 136236, 4324684, 152827, 5236558, 5274452, 34355718, 5371066, 5445909, 5596414, 5624669, 2581052, 5013516, 4353676, 2567019, 6112544, 6036374, 34110557, 5596617, 2707865, 4235376, 5523125, 4261752, 5506983, 3915403, 4148595, 3038185, 2676726, 5473619, 109550444, 5273552, 5060804, 5775759, 105901932, 4847017, 2987197, 6772011, 5334598, 5225150, 229276, 2650142, 5167462, 5362191, 2619953, 5166325, 2636881, 3063917, 2979530, 3591465, 1846291, 2398378, 4298399, 5804572, 5909168, 5406632, 5712336, 15841043, 5530722, 5286841, 12261971, 7521956, 15842222, 4898829, 5112305, 5318587, 4001961, 4499062, 4542024, 4544074, 4714451, 103039293, 2870615, 4596983, 4471512, 4188303, 3599326, 5250427, 5015027, 5188599, 5373963, 5260358, 4552096, 5366693, 4902033, 4994414, 5207677, 5426139, 5414646, 4891177, 15933861, 247473, 3585435, 201866, 105422727, 5036389, 5099592, 5060974, 5318196, 5435358, 5275508, 4339010, 3982579, 2793277, 2617544]
14 players. Draw move times: [749922436, 855602051, 846110945, 948631847, 845622373, 652689522, 744975495, 754273855, 745778739, 740554166, 751385623, 848422780, 944508894, 844993405, 744553194, 741823176, 743553507, 743062823, 750204223, 747488078, 852646980, 952927044, 838895353, 749036340, 739279925, 648864147, 737775651, 741300258, 745954014, 852909429, 844524801, 840509058, 744370641, 748837610, 742496031, 657074430, 749867849, 745272101, 858638047, 949434135, 850678896, 750987025, 741516581, 646609061, 652742589, 747721797, 751547174, 845211599, 947598674, 742956273, 640122762, 638601342, 636598910, 649448354, 742506054, 739101622, 747102019, 845355879, 758507601, 652671221, 635939145, 637417658, 645219289, 738542615, 753688212, 844651381, 948084288, 770377585, 663976474, 637747612, 639098977, 743542554, 844488876, 740850191, 845465918, 949876044, 842620381, 636646682, 641179556, 648177396, 743295931, 744678749, 757675645, 845768669, 941019639, 759134035, 664997484, 647735921, 639112144, 749941099, 743977030, 756533852, 843526182, 942786632, 847406335, 749178994, 741340405, 653752410, 741614306, 741797300, 747676123, 848973777, 945283316, 842655977, 741416326, 747181618, 743916365, 740570468, 746039886, 745964882, 749830465, 849095631, 843288281, 638945326, 750990777, 640523464, 753909012, 746289161, 744097478, 859995559, 952423897, 844878399, 747703284, 741518864, 638529195, 741826605]
14 players. Shuffle times: [17797600939, 14838625860, 17592503712, 14818607473, 18242847348, 15233855679, 17943435378, 15190973331, 17966342876, 15223723356, 17809845051, 15007756646, 18092025854, 15323622571, 17786240880, 15264452908, 17904054984, 15240620592, 17952780667, 15295212211, 18017720885, 15208989293, 18217727065, 15046444745, 17948499716, 15278176956, 18420934657, 15186171857]
15 players. Play move times: [26734317, 5709726, 5456860, 4395872, 5041742, 5434689, 5329241, 3385659, 5118578, 6558098, 10515091, 5170373, 4545476, 3735847, 270896, 103421288, 5213189, 5259734, 2826998, 2642216, 4411793, 2651067, 2914110, 5124328, 1484447, 205661, 5340259, 4923128, 4095642, 2599623, 4561580, 2624301, 2654919, 5451460, 4902961, 5235488, 203992, 5174241, 4440293, 3628813, 5015852, 5196939, 5329619, 4689788, 4891885, 8108762, 102772649, 4300008, 4623623, 5119904, 4786403, 4434766, 3761013, 5427673, 5363311, 2854727, 4804657, 5126448, 5179614, 105216863, 4620839, 104787890, 5466456, 5059624, 6001871, 21713953, 5223928, 5382677, 5319902, 4943592, 5177575, 5591038, 5670483, 4237258, 4039369, 5146805, 4894120, 2732026, 300002, 2524047, 6211706, 5543865, 103618350, 3538708, 5310862, 4498434, 4973753, 4922864, 854342, 160849, 5399394, 5425494, 4912740, 7894818, 5266548, 2592937, 2585314, 2746079, 2584220, 4814243, 168528, 4897418, 103309273, 2812176, 2533622, 2503426, 2529281, 2633756, 2521587, 2535832, 2557773, 2601015, 2571697, 2505112, 1971031, 2763152, 3123228, 2612162, 2548354, 2577597, 105174158, 5343168, 8553797, 6328700, 5068666, 104126059, 18243707, 3004871, 11662202, 21029524, 105792958, 2602544, 6067311, 3502661, 3387557, 3028690, 3891010, 5681103, 5619067, 5381750, 5547102, 2742634, 405736, 4313496, 2859049, 2873971, 2800298, 2681854, 3401973, 4659266, 13002762, 5544533, 2260839, 237269, 5644864, 9529521, 5680877, 5402934, 5240494, 4148332, 6355716, 3538946, 3294377, 3741189, 100375459, 5196248, 18688386, 2540768, 5449123, 5479105, 105237462, 5126177, 5241380, 5020260, 3183703, 2650014, 2580124, 2613537, 2609058, 5424555, 5260925, 105346497, 2613992, 4756026, 5106479, 4964840, 5586935, 3540340, 10401391, 107123361, 5292251, 3780715, 4797766, 5931389, 25775641, 5788245, 43556132, 106032269, 5893540, 5520098, 5544657, 3478358, 3639281, 21079396, 5163914, 5999600, 229256, 5063513, 104709344, 3938193, 3411770, 4906660, 4018583, 5227865, 5153191, 5602655, 2400214, 306468, 5644705, 5588767, 106379404, 5146838, 3922923, 5401862, 5279532, 5143168, 5141600, 4712411, 139775, 5295028, 3843433, 5380510, 15573660, 2742735, 2892056, 3227926, 3138061, 8252834, 2637849, 2636853, 2705583, 2868305, 2932634, 5316594, 4927979, 4940195, 102804138, 3196941, 5464637, 5229469, 4435444, 4223638, 2676597, 3800814, 5388548, 5147047, 13789915, 6222793, 105956123, 4900416, 5625201, 5253135, 2756344, 2704138, 2718043, 3788451, 3214348, 5143137, 106105638, 11348469, 263194, 5447700, 5471766, 106663762, 2788318, 9597731, 3766445, 5416241, 103129630, 2608034, 140936, 240492, 2731077, 4703504, 5196779, 5931454, 5301255, 5135387, 3668851, 5283892, 5139756, 5807123, 3730926, 5282908, 5229304, 12118865, 5568647, 5583819, 105262377, 5193819, 5309418, 5095645, 5410764, 2645575, 4749110, 2585379, 2937339, 5115113, 5320209, 5198587, 3757550, 3850400, 5237982, 5161959, 5272383, 112017161, 3210999, 3001769, 5087088, 5292063, 6067500, 17184997, 34347704, 5463070, 5722104, 2688640, 2609559, 4436595, 2679419, 3602621, 5200107, 5410371, 5408924, 102790665, 383262, 105303492, 5914032, 4439644, 5538129, 3803295, 5159672, 5295588, 4377812, 5332895, 240452, 192761, 4903131, 9609601, 5963373, 2763715, 2714007, 2729662, 2647101, 2664198, 2628593, 5036474, 145266, 2162718, 5458905, 5310274, 5530362, 5716486, 5441602, 5382302, 5199500, 5060116, 5255548, 5301257, 5240078, 5818008, 6109025, 5521466, 5600179, 5590654, 5593159, 5646098, 2558624, 3860865, 4628741, 4164819, 3679278, 3275952, 2623329, 2583688, 32903399, 5749598, 37382555, 5372751, 5319474, 2627119, 2931724, 3628009, 2598205, 5221903, 5329257, 4866260, 105387789, 102948874, 215049, 3789349, 5318232, 3816110, 5684352, 5529081, 10932085, 5486121, 5630506, 5487586, 6417539, 317032, 4976400, 5009058, 5824404, 3066990, 4141347, 2614944, 2572033, 2610638, 4624107, 4986442, 165574, 5032794, 4966829, 4840247, 3968188, 3762601, 104207747, 2597919, 2804020, 2593544, 2861647, 2965113, 3107809, 2908522, 2553805, 3261732, 3733388, 17413857, 13110976, 2537968, 4396317, 5099303, 3083418, 3468168, 2636215, 2537960, 2690304, 2508425, 5750712, 5739867, 5981409, 5578358, 5514304, 105871038, 4470891, 5126976, 5444913, 5290430, 5287405, 18518614, 5127402, 6676274, 277658, 5114734, 4546453, 5731829, 5349304, 5209152, 5352559, 5309403, 105472472, 5133967, 315090, 317085, 3964882, 5220763, 4264088, 3398127, 18607811, 4996567, 12859293, 3202484, 2700579, 4745558, 145990, 5285043, 5326643, 5303263, 17797071, 5282492, 5305129, 5268472, 5207607, 5258013, 1570294, 5031400, 5717575, 4827022, 5880711, 5331926, 5180721, 5463040, 5638069, 2642279, 5115642, 4271851, 5691101, 4979560, 5316673, 12494812, 5254832, 4947194, 4856956, 5786511, 5557095, 5169991, 5486184, 3104078, 2806393, 3666528, 2634195, 4007594, 4567084, 7414294, 5755271, 3007747, 248573, 5022249, 107301055, 5683790, 5361057, 4997499, 5337060, 5333278, 2668286, 2626627, 2655448, 176864, 2695532, 5966889, 4934969, 5544780, 102804832, 3793659, 4032515, 2652668, 2559970, 5308339, 135938, 3709113, 5534303, 5488866, 5795398, 14125592, 102829102, 2647053, 2604237, 2654707, 3034125, 4589547, 2656562, 3886675, 2662604, 4095759, 5352073, 4020024, 2942578, 4009980, 6102164, 5278110, 6113513, 5212328, 5272438, 7342371, 5275151, 5313785, 6098555, 6181523, 5569246, 5055634, 6959974, 3550525, 3460692, 6004358, 2888706, 4180222, 5093620, 5812439, 6863466, 5697841, 228575, 4552314, 103751622, 4474400, 6333999, 2701196, 5479573, 5108296, 3022106, 2982250, 8310799, 559377, 13430542, 15170924, 24409290, 2770089, 2785692, 5801724, 4221521, 3409363, 3345724, 4405284, 100329878, 3392777, 3144901, 2625196, 1877652, 2487073, 2676166, 2666109, 102739968, 2517632, 2584031, 2999090, 3002583, 2609781, 2882069, 2987196, 2529998, 2638354, 2575075, 3108575, 3187042, 3485522, 5168752, 105120819, 5462684, 107184779, 5150910, 5233913, 3375081, 6289253, 104307160, 5369467, 17778669, 5300527, 6926396, 5832885, 6009331, 2984714, 4375814, 15449164, 5409114, 2828429, 284994, 4555078, 5444276, 5810579, 2995998, 5446724, 5238360, 104679357, 5206250, 5317584, 227728, 280322, 2821543, 5224219, 3467071, 13130836, 102824433, 5242943, 3237421, 4170881, 2612556, 4866759, 230334, 3267415, 5577706, 5503055, 5332390, 5155513, 4996768, 2154821, 2356466, 5084783, 5168346, 6440105, 6540783, 5296119, 5241296, 3228015, 3770135, 5107891, 4998708, 7910359, 5257233, 5010331, 6179207, 2102786, 4072503, 106943807, 3719780, 4845212, 71664831, 6262107, 4794490, 4375994, 5681792, 5636166, 5640147, 5589245, 5613948, 5749398, 105386074, 5236765, 6219760, 5341804, 3057541, 4711149, 4207357, 3966013, 4700056, 2909564, 3048007, 2611442, 2762265, 2776118, 8031316, 171777, 2685646, 5395678, 5498593, 5493011, 5800638, 4240824, 3437658, 3030968, 2599297, 4865966, 198644, 4660897, 5167790, 4932679, 5430554, 5605520, 2722981, 2616040, 3437944, 2729764, 2675018, 3149198, 2411519, 2449300, 2689628, 3436086, 3552714, 2627504, 2583554, 3016667, 4528918, 4918570, 3045232, 3606936, 2703646, 2687953, 1958252, 1909306, 8959475, 6238958, 5333790, 4255594, 3514969, 5484782, 5637360, 5677817, 23626543, 105445254, 5036833, 5159947, 20454821, 2686243, 268000, 6698123, 5304506, 5463975, 5239039, 5430863, 2839414, 6929102, 2743242, 4687106, 9100770, 274232, 5365453, 5005739, 2778695, 5316634, 11586402, 5296601, 5110747, 2555462, 3122341, 4791478, 168854, 3144657, 4307125, 2550493, 2605165, 2580822, 2516998, 2631792, 2570002, 2520910, 2549700, 2556137, 2636742, 2649626, 2672575, 2741527, 3130869, 4863052, 7763006, 2954620, 2577681, 2183122, 4641334, 4155393, 3494566, 3404118, 2758314, 2562198, 6261511, 5959823, 5615349, 4630580, 5406772, 5388304, 5557515, 5812398, 3728989, 105586522, 5253317, 5527748, 5555050, 5457753, 345013, 105401897, 5405786, 5475622, 8555741, 3747834, 5191886, 5215348, 4387753, 5509002, 271517, 350148, 5410392, 5886288, 5269762, 5283915, 102908303, 4244812, 5135780, 5220318, 4678548, 2158849, 167458, 5173885, 5271197, 20421316, 5559304, 5514871, 3293028, 3630939, 4281586, 4033862, 2639517, 2698287, 2640127, 2557858, 2975449, 5167395, 5183655, 5061566, 5408091, 2210317, 5302261, 5133260, 8613788, 6285145, 17671214, 3447309, 5144434, 5160936, 6452807, 5712262, 5015358, 5292821, 4166242, 3182089, 2709469, 2742460, 11103331, 5389545, 5031346, 4924746, 6708379, 3099526, 214798, 4201810, 3054470, 3557977, 12671360, 5228063, 7204849, 5298236, 2950175, 5348478, 238230, 5671671, 2678693, 15321224, 5113534, 5150205, 2647786, 2651453, 3477045, 3791554, 2749703, 4780703, 176518, 5003317, 11454984, 3227653, 3694273, 4986670, 7533840, 3406269, 5181894, 102698695, 2646252, 2628171, 2661790, 2608742, 2660164, 5407559, 4555684, 102828830, 2684171, 3709749, 3984544, 4379863, 2023516, 105294814, 5195603, 107033503, 5257073, 5739728]
15 players. Draw move times: [997756102, 663749238, 1073086313, 671899276, 1176399672, 667143954, 1093902589, 656330432, 998129386, 663206760, 1074559166, 662213576, 1063426866, 648528856, 1086350682, 668675547, 992406910, 568362947, 1174360754, 762462503, 1091087530, 666211352, 1066303567, 654290694, 1173323825, 649109564, 1071479666, 669377354, 1093902055, 669394938]
15 players. Shuffle times: [19776582089, 16154598890, 19549858149, 16227536714, 19718697004, 16357817402, 19807334854, 16148930536, 19124453841, 16283793371, 19809473618, 16292736974, 20093518260, 16218811298, 19852849873, 16294010839, 20248755179, 16359497009, 19839553130, 16074908271, 19914958072, 16332682959, 19658874382, 16272824003, 19186778868, 16194604584, 19895224309, 16223668344, 19849163265, 16189327947]
