2 players: sent: [79, 73]
2 players: broadcast: [60, 49]
3 players: sent: [72, 37, 77]
3 players: broadcast: [26, 13, 28]
4 players: sent: [189, 201, 198, 212]
4 players: broadcast: [50, 50, 52, 55]
5 players: sent: [563, 647, 630, 615, 611]
5 players: broadcast: [122, 133, 132, 123, 130]
6 players: sent: [159, 240, 205, 230, 200, 195]
6 players: broadcast: [24, 38, 34, 38, 34, 32]
7 players: sent: [125, 226, 101, 131, 137, 131, 167]
7 players: broadcast: [17, 28, 12, 18, 18, 18, 22]
8 players: sent: [607, 586, 628, 627, 593, 607, 551, 663]
8 players: broadcast: [75, 73, 78, 75, 73, 75, 66, 80]
9 players: sent: [459, 451, 443, 523, 515, 531, 507, 491, 538]
9 players: broadcast: [50, 48, 49, 56, 55, 57, 55, 50, 58]
10 players: sent: [688, 743, 734, 671, 689, 725, 698, 725, 716, 680]
10 players: broadcast: [64, 72, 71, 65, 66, 71, 69, 71, 70, 65]
11 players: sent: [805, 795, 885, 885, 894, 805, 815, 745, 865, 745, 785]
11 players: broadcast: [73, 71, 74, 74, 79, 72, 72, 67, 74, 68, 68]
12 players: sent: [719, 687, 621, 621, 698, 643, 665, 654, 467, 643, 643, 577]
12 players: broadcast: [55, 54, 49, 49, 55, 52, 54, 53, 35, 52, 51, 46]
13 players: sent: [641, 713, 689, 725, 629, 784, 713, 689, 557, 593, 689, 761, 725]
13 players: broadcast: [47, 53, 51, 53, 48, 57, 53, 52, 39, 44, 51, 55, 47]
14 players: sent: [850, 941, 837, 876, 902, 902, 707, 915, 785, 914, 889, 876, 902, 980]
14 players: broadcast: [60, 64, 58, 61, 63, 60, 48, 63, 55, 63, 62, 55, 62, 66]
15 players: sent: [1195, 1097, 1097, 1069, 1097, 1195, 1139, 1195, 1138, 1209, 1139, 1111, 1321, 1153, 1139]
15 players: broadcast: [76, 71, 69, 69, 71, 77, 71, 77, 75, 77, 69, 73, 83, 75, 75]
16 players: sent: [1490, 1535, 1565, 1640, 1610, 1385, 1655, 1370, 1669, 1625, 1580, 1400, 1505, 1625, 1565, 1520]
16 players: broadcast: [94, 91, 98, 101, 99, 88, 101, 83, 99, 99, 98, 87, 91, 99, 98, 95]
17 players: sent: [2053, 2085, 2149, 2037, 2069, 2100, 2101, 2181, 2213, 2053, 2069, 2069, 2021, 2037, 2005, 2133, 2277]
17 players: broadcast: [121, 122, 125, 118, 120, 121, 121, 126, 128, 117, 121, 118, 114, 117, 115, 122, 126]
